500
0 1 3772 9321 6793 7216 3653 6181 1020 7357 2595 2444 3847 4222 9283 9086 7355 847 8907 673 3111
1 1 3772 9321 6793 7216 3653 6181 1020 7357 2595 2444 3847 4222 9283 9086 7355 847 8907 673 3111
2 1 3772 9321 6793 7216 3653 6181 1020 7357 2595 2444 3847 4222 9283 9086 7355 847 8907 673 3111
3 1 3772 9321 6793 7216 3653 6181 1020 7357 2595 2444 3847 4222 9283 9086 7355 847 8907 673 3111
4 8890 3581 6503 3820 9333 6269 4941 9674 1522 2781 2426 6601 3493 4191 9144 4780 8580 4071 4433 7439 9301 6537 2962
5 1 3772 9321 6793 7216 3653 6181 1020 7357 2595 2444 3847 4222 9283 9086 7355 847 8907 673 3111
6 8890 3581 6503 3820 9333 6269 4941 9674 1522 2781 2426 6601 3493 4191 9144 4780 8580 4071 4433 7439 9301 6537 2962
7 8890 3581 6503 3820 9333 6269 4941 9674 1522 2781 2426 6601 3493 4191 9144 4780 8580 4071 4433 7439 9301 6537 321
8 8890 3581 6503 3820 9333 6269 4941 9674 1522 2781 2426 6601 3493 4191 9144 4780 8580 4071 4433 7439 9301 6537 321
9 8890 3581 6503 3820 9333 6269 4941 9674 1522 2781 2426 6601 3493 4191 9144 4780 8580 4071 4433 7439 9301 2962 4855 9244 935
10 8890 3581 6503 3820 9333 6269 4941 9674 1522 2781 2426 6601 3493 4191 9144 4780 8580 4071 4433 7439 9301 6537 321
11 8890 3581 6503 3820 9333 6269 4941 9674 1522 2781 2426 6601 3493 4191 9144 4780 8580 4071 4433 7439 9301 6537 321
12 8890 3581 6503 3820 9333 6269 4941 9674 1522 2781 2426 6601 3493 4191 9144 4780 8580 4071 4433 7439 9301 6537 321
13 1 3772 9321 6793 7216 3653 6181 1020 7357 2595 2444 3847 4222 9283 9086 7355 847 8907 673 3111
14 8890 3581 6503 3820 9333 6269 4941 9674 1522 2781 2426 6601 3493 4191 9144 4780 8580 4071 4433 7439 9301 6537 321
15 8890 3581 6503 3820 9333 6269 4941 9674 1522 2781 2426 6601 3493 4191 9144 4780 8580 4071 4433 7439 9301 6537 2962
16 8890 3581 6503 3820 9333 6269 4941 9674 1522 2781 2426 6601 3493 4191 9144 4780 8580 4071 4433 7439 9301 6537 321
17 1 3772 9321 6793 7216 3653 6181 1020 7357 2595 2444 3847 4222 9283 9086 7355 847 8907 673 3111
18 1 3772 9321 6793 7216 3653 6181 1020 7357 2595 2444 3847 4222 9283 9086 7355 847 8907 673 3111
19 1 3772 9321 6793 7216 3653 6181 1020 7357 2595 2444 3847 4222 9283 9086 7355 847 8907 673 3111
20 147 7389 5468 3888 9131 3563 7785 575 1333 7699 7105 6537 8387 7762 4035 2962
21 8890 3581 6503 3820 9333 6269 4941 9674 1522 2781 2426 6601 3493 4191 9144 4780 8580 4071 4433 7439 9301 6537 2962
22 8890 3581 6503 3820 9333 6269 4941 9674 1522 2781 2426 6601 3493 4191 9144 4780 8580 4071 4433 7439 9301 6537 2962
23 8890 3581 6503 3820 9333 6269 4941 9674 1522 2781 2426 6601 3493 4191 9144 4780 8580 4071 4433 7439 9301 6537 2
24 8890 3581 6503 3820 9333 6269 4941 9674 1522 2781 2426 6601 3493 4191 9144 4780 8580 4071 4433 7439 9301 6537 2962
25 1 3772 9321 6793 7216 3653 6181 1020 7357 2595 2444 3847 4222 9283 9086 7355 847 8907 673 3111
26 8890 3581 6503 3820 9333 6269 4941 9674 1522 2781 2426 6601 3493 4191 9144 4780 8580 4071 4433 7439 9301 6537 2962
27 8890 3581 6503 3820 9333 6269 4941 9674 1522 2781 2426 6601 3493 4191 9144 4780 8580 4071 4433 7439 9301 6537 2962
28 8890 3581 6503 3820 9333 6269 4941 9674 1522 2781 2426 6601 3493 4191 9144 4780 8580 4071 4433 7439 9301 6537 2962
29 8890 3581 6503 3820 9333 6269 4941 9674 1522 2781 2426 6601 3493 4191 9144 4780 8580 4071 4433 7439 9301 6537 2962
30 8890 3581 6503 3820 9333 6269 4941 9674 1522 2781 2426 6601 3493 4191 9144 4780 8580 4071 4433 7439 9301 6537 2962
31 8890 3581 6503 3820 9333 6269 4941 9674 1522 2781 2426 6601 3493 4191 9144 4780 8580 4071 4433 7439 9301 2962 4855 9244 935
32 8890 3581 6503 3820 9333 6269 4941 9674 1522 2781 2426 6601 3493 4191 9144 4780 8580 4071 4433 7439 9301 6537 2962
33 1 3772 9321 6793 7216 3653 6181 1020 7357 2595 2444 3847 4222 9283 9086 7355 847 8907 673 3111
34 1 3772 9321 6793 7216 3653 6181 1020 7357 2595 2444 3847 4222 9283 9086 7355 847 8907 673 3111
35 1 3772 9321 6793 7216 3653 6181 1020 7357 2595 2444 3847 4222 9283 9086 7355 847 8907 673 3111
36 8890 3581 6503 3820 9333 6269 4941 9674 1522 2781 2426 6601 3493 4191 9144 4780 8580 4071 4433 7439 9301 6537 2962
37 1 3772 9321 6793 7216 3653 6181 1020 7357 2595 2444 3847 4222 9283 9086 7355 847 8907 673 3111
38 8890 3581 6503 3820 9333 6269 4941 9674 1522 2781 2426 6601 3493 4191 9144 4780 8580 4071 4433 7439 9301 6537 2962
39 8890 3581 6503 3820 9333 6269 4941 9674 1522 2781 2426 6601 3493 4191 9144 4780 8580 4071 4433 7439 9301 6537 321
40 250 9093 94 77 5579 7360 7796 4846 1439 9769 1465 7749 3681 8043 321 2555
41 1 3772 9321 6793 7216 3653 6181 1020 7357 2595 2444 3847 4222 9283 9086 7355 847 8907 673 3111
42 1 3772 9321 6793 7216 3653 6181 1020 7357 2595 2444 3847 4222 9283 9086 7355 847 8907 673 3111
43 1 3772 9321 6793 7216 3653 6181 1020 7357 2595 2444 3847 4222 9283 9086 7355 847 8907 673 3111
44 1 3772 9321 6793 7216 3653 6181 1020 7357 2595 2444 3847 4222 9283 9086 7355 847 8907 673 3111
45 8890 3581 6503 3820 9333 6269 4941 9674 1522 2781 2426 6601 3493 4191 9144 4780 8580 4071 4433 7439 9301 6537 2962
46 8890 3581 6503 3820 9333 6269 4941 9674 1522 2781 2426 6601 3493 4191 9144 4780 8580 4071 4433 7439 9301 6537 2962
47 8890 3581 6503 3820 9333 6269 4941 9674 1522 2781 2426 6601 3493 4191 9144 4780 8580 4071 4433 7439 9301 6537 2
48 8890 3581 6503 3820 9333 6269 4941 9674 1522 2781 2426 6601 3493 4191 9144 4780 8580 4071 4433 7439 9301 6537 2962
49 8890 3581 6503 3820 9333 6269 4941 9674 1522 2781 2426 6601 3493 4191 9144 4780 8580 4071 4433 7439 9301 6537 2962
50 8890 3581 6503 3820 9333 6269 4941 9674 1522 2781 2426 6601 3493 4191 9144 4780 8580 4071 4433 7439 9301 6537 2962
51 8890 3581 6503 3820 9333 6269 4941 9674 1522 2781 2426 6601 3493 4191 9144 4780 8580 4071 4433 7439 9301 7699 8387 7762
52 1 3772 9321 6793 7216 3653 6181 1020 7357 2595 2444 3847 4222 9283 9086 7355 847 8907 673 3111
53 8890 3581 6503 3820 9333 6269 4941 9674 1522 2781 2426 6601 3493 4191 9144 4780 8580 4071 4433 7439 9301 6537 2962
54 1 3772 9321 6793 7216 3653 6181 1020 7357 2595 2444 3847 4222 9283 9086 7355 847 8907 673 3111
55 1 3772 9321 6793 7216 3653 6181 1020 7357 2595 2444 3847 4222 9283 9086 7355 847 8907 673 3111
56 8890 3581 6503 3820 9333 6269 4941 9674 1522 2781 2426 6601 3493 4191 9144 4780 8580 4071 4433 7439 9301 6537 2962
57 1 3772 9321 6793 7216 3653 6181 1020 7357 2595 2444 3847 4222 9283 9086 7355 847 8907 673 3111
58 8890 3581 6503 3820 9333 6269 4941 9674 1522 2781 2426 6601 3493 4191 9144 4780 8580 4071 4433 7439 9301 8644 2962 935 321
59 1 3772 9321 6793 7216 3653 6181 1020 7357 2595 2444 3847 4222 9283 9086 7355 847 8907 673 3111
60 8890 3581 6503 3820 9333 6269 4941 9674 1522 2781 2426 6601 3493 4191 9144 4780 8580 4071 4433 7439 9301 6537 2962
61 8890 3581 6503 3820 9333 6269 4941 9674 1522 2781 2426 6601 3493 4191 9144 4780 8580 4071 4433 7439 9301 6537 321
62 8890 3581 6503 3820 9333 6269 4941 9674 1522 2781 2426 6601 3493 4191 9144 4780 8580 4071 4433 7439 9301 6537 2
63 1 3772 9321 6793 7216 3653 6181 1020 7357 2595 2444 3847 4222 9283 9086 7355 847 8907 673 3111
64 1 3772 9321 6793 7216 3653 6181 1020 7357 2595 2444 3847 4222 9283 9086 7355 847 8907 673 3111
65 8890 3581 6503 3820 9333 6269 4941 9674 1522 2781 2426 6601 3493 4191 9144 4780 8580 4071 4433 7439 9301 6537 2962
66 8890 3581 6503 3820 9333 6269 4941 9674 1522 2781 2426 6601 3493 4191 9144 4780 8580 4071 4433 7439 9301 6537 321
67 8890 3581 6503 3820 9333 6269 4941 9674 1522 2781 2426 6601 3493 4191 9144 4780 8580 4071 4433 7439 9301 6537 2962
68 1 3772 9321 6793 7216 3653 6181 1020 7357 2595 2444 3847 4222 9283 9086 7355 847 8907 673 3111
69 1 3772 9321 6793 7216 3653 6181 1020 7357 2595 2444 3847 4222 9283 9086 7355 847 8907 673 3111
70 8890 3581 6503 3820 9333 6269 4941 9674 1522 2781 2426 6601 3493 4191 9144 4780 8580 4071 4433 7439 9301 6537 2
71 1 3772 9321 6793 7216 3653 6181 1020 7357 2595 2444 3847 4222 9283 9086 7355 847 8907 673 3111
72 8890 3581 6503 3820 9333 6269 4941 9674 1522 2781 2426 6601 3493 4191 9144 4780 8580 4071 4433 7439 9301 6537 2
73 1 3772 9321 6793 7216 3653 6181 1020 7357 2595 2444 3847 4222 9283 9086 7355 847 8907 673 3111
74 1 3772 9321 6793 7216 3653 6181 1020 7357 2595 2444 3847 4222 9283 9086 7355 847 8907 673 3111
75 1 3772 9321 6793 7216 3653 6181 1020 7357 2595 2444 3847 4222 9283 9086 7355 847 8907 673 3111
76 1 3772 9321 6793 7216 3653 6181 1020 7357 2595 2444 3847 4222 9283 9086 7355 847 8907 673 3111
77 1 3772 9321 6793 7216 3653 6181 1020 7357 2595 2444 3847 4222 9283 9086 7355 847 8907 673 3111
78 8890 3581 6503 3820 9333 6269 4941 9674 1522 2781 2426 6601 3493 4191 9144 4780 8580 4071 4433 7439 9301 6537 2962
79 8890 3581 6503 3820 9333 6269 4941 9674 1522 2781 2426 6601 3493 4191 9144 4780 8580 4071 4433 7439 9301 6537 321
80 8890 3581 6503 3820 9333 6269 4941 9674 1522 2781 2426 6601 3493 4191 9144 4780 8580 4071 4433 7439 9301 6537 2962
81 8890 3581 6503 3820 9333 6269 4941 9674 1522 2781 2426 6601 3493 4191 9144 4780 8580 4071 4433 7439 9301 6537 321
82 1 3772 9321 6793 7216 3653 6181 1020 7357 2595 2444 3847 4222 9283 9086 7355 847 8907 673 3111
83 1 3772 9321 6793 7216 3653 6181 1020 7357 2595 2444 3847 4222 9283 9086 7355 847 8907 673 3111
84 8890 3581 6503 3820 9333 6269 4941 9674 1522 2781 2426 6601 3493 4191 9144 4780 8580 4071 4433 7439 9301 6537 321
85 1 3772 9321 6793 7216 3653 6181 1020 7357 2595 2444 3847 4222 9283 9086 7355 847 8907 673 3111
86 1 3772 9321 6793 7216 3653 6181 1020 7357 2595 2444 3847 4222 9283 9086 7355 847 8907 673 3111
87 1 3772 9321 6793 7216 3653 6181 1020 7357 2595 2444 3847 4222 9283 9086 7355 847 8907 673 3111
88 8890 3581 6503 3820 9333 6269 4941 9674 1522 2781 2426 6601 3493 4191 9144 4780 8580 4071 4433 7439 9301 6537 321
89 1 3772 9321 6793 7216 3653 6181 1020 7357 2595 2444 3847 4222 9283 9086 7355 847 8907 673 3111
90 8890 3581 6503 3820 9333 6269 4941 9674 1522 2781 2426 6601 3493 4191 9144 4780 8580 4071 4433 7439 9301 6537 2962
91 1 3772 9321 6793 7216 3653 6181 1020 7357 2595 2444 3847 4222 9283 9086 7355 847 8907 673 3111
92 8890 3581 6503 3820 9333 6269 4941 9674 1522 2781 2426 6601 3493 4191 9144 4780 8580 4071 4433 7439 9301 6537 321
93 1 3772 9321 6793 7216 3653 6181 1020 7357 2595 2444 3847 4222 9283 9086 7355 847 8907 673 3111
94 8890 3581 6503 3820 9333 6269 4941 9674 1522 2781 2426 6601 3493 4191 9144 4780 8580 4071 4433 7439 9301 6537 2
95 8890 3581 6503 3820 9333 6269 4941 9674 1522 2781 2426 6601 3493 4191 9144 4780 8580 4071 4433 7439 9301 6537 321
96 1 3772 9321 6793 7216 3653 6181 1020 7357 2595 2444 3847 4222 9283 9086 7355 847 8907 673 3111
97 1 3772 9321 6793 7216 3653 6181 1020 7357 2595 2444 3847 4222 9283 9086 7355 847 8907 673 3111
98 1 3772 9321 6793 7216 3653 6181 1020 7357 2595 2444 3847 4222 9283 9086 7355 847 8907 673 3111
99 1 3772 9321 6793 7216 3653 6181 1020 7357 2595 2444 3847 4222 9283 9086 7355 847 8907 673 3111
100 8890 3581 6503 3820 9333 6269 4941 9674 1522 2781 2426 6601 3493 4191 9144 4780 8580 4071 4433 7439 9301 6537 321
101 8890 3581 6503 3820 9333 6269 4941 9674 1522 2781 2426 6601 3493 4191 9144 4780 8580 4071 4433 7439 9301 6537 321
102 1 3772 9321 6793 7216 3653 6181 1020 7357 2595 2444 3847 4222 9283 9086 7355 847 8907 673 3111
103 1 3772 9321 6793 7216 3653 6181 1020 7357 2595 2444 3847 4222 9283 9086 7355 847 8907 673 3111
104 8890 3581 6503 3820 9333 6269 4941 9674 1522 2781 2426 6601 3493 4191 9144 4780 8580 4071 4433 7439 9301 6537 321
105 8890 3581 6503 3820 9333 6269 4941 9674 1522 2781 2426 6601 3493 4191 9144 4780 8580 4071 4433 7439 9301 6537 2
106 8890 3581 6503 3820 9333 6269 4941 9674 1522 2781 2426 6601 3493 4191 9144 4780 8580 4071 4433 7439 9301 6537 2962
107 8890 3581 6503 3820 9333 6269 4941 9674 1522 2781 2426 6601 3493 4191 9144 4780 8580 4071 4433 7439 9301 6537 321
108 1 3772 9321 6793 7216 3653 6181 1020 7357 2595 2444 3847 4222 9283 9086 7355 847 8907 673 3111
109 8890 3581 6503 3820 9333 6269 4941 9674 1522 2781 2426 6601 3493 4191 9144 4780 8580 4071 4433 7439 9301 6537 321
110 1 3772 9321 6793 7216 3653 6181 1020 7357 2595 2444 3847 4222 9283 9086 7355 847 8907 673 3111
111 8890 3581 6503 3820 9333 6269 4941 9674 1522 2781 2426 6601 3493 4191 9144 4780 8580 4071 4433 7439 9301 6537 321
112 8890 3581 6503 3820 9333 6269 4941 9674 1522 2781 2426 6601 3493 4191 9144 4780 8580 4071 4433 7439 9301 6537 321
113 1 3772 9321 6793 7216 3653 6181 1020 7357 2595 2444 3847 4222 9283 9086 7355 847 8907 673 3111
114 1 3772 9321 6793 7216 3653 6181 1020 7357 2595 2444 3847 4222 9283 9086 7355 847 8907 673 3111
115 1 3772 9321 6793 7216 3653 6181 1020 7357 2595 2444 3847 4222 9283 9086 7355 847 8907 673 3111
116 8890 3581 6503 3820 9333 6269 4941 9674 1522 2781 2426 6601 3493 4191 9144 4780 8580 4071 4433 7439 9301 6537 321
117 1 3772 9321 6793 7216 3653 6181 1020 7357 2595 2444 3847 4222 9283 9086 7355 847 8907 673 3111
118 8890 3581 6503 3820 9333 6269 4941 9674 1522 2781 2426 6601 3493 4191 9144 4780 8580 4071 4433 7439 9301 6537 321
119 1 3772 9321 6793 7216 3653 6181 1020 7357 2595 2444 3847 4222 9283 9086 7355 847 8907 673 3111
120 8890 3581 6503 3820 9333 6269 4941 9674 1522 2781 2426 6601 3493 4191 9144 4780 8580 4071 4433 7439 9301 6537 2962
121 8890 3581 6503 3820 9333 6269 4941 9674 1522 2781 2426 6601 3493 4191 9144 4780 8580 4071 4433 7439 9301 6537 2962
122 8890 3581 6503 3820 9333 6269 4941 9674 1522 2781 2426 6601 3493 4191 9144 4780 8580 4071 4433 7439 9301 6537 2962
123 8890 3581 6503 3820 9333 6269 4941 9674 1522 2781 2426 6601 3493 4191 9144 4780 8580 4071 4433 7439 9301 6537 2
124 1 3772 9321 6793 7216 3653 6181 1020 7357 2595 2444 3847 4222 9283 9086 7355 847 8907 673 3111
125 8890 3581 6503 3820 9333 6269 4941 9674 1522 2781 2426 6601 3493 4191 9144 4780 8580 4071 4433 7439 9301 6537 2962
126 8890 3581 6503 3820 9333 6269 4941 9674 1522 2781 2426 6601 3493 4191 9144 4780 8580 4071 4433 7439 9301 6537 321
127 8890 3581 6503 3820 9333 6269 4941 9674 1522 2781 2426 6601 3493 4191 9144 4780 8580 4071 4433 7439 9301 6537 321
128 1 3772 9321 6793 7216 3653 6181 1020 7357 2595 2444 3847 4222 9283 9086 7355 847 8907 673 3111
129 1 3772 9321 6793 7216 3653 6181 1020 7357 2595 2444 3847 4222 9283 9086 7355 847 8907 673 3111
130 8890 3581 6503 3820 9333 6269 4941 9674 1522 2781 2426 6601 3493 4191 9144 4780 8580 4071 4433 7439 9301 6537 321
131 8890 3581 6503 3820 9333 6269 4941 9674 1522 2781 2426 6601 3493 4191 9144 4780 8580 4071 4433 7439 9301 6537 2
132 8890 3581 6503 3820 9333 6269 4941 9674 1522 2781 2426 6601 3493 4191 9144 4780 8580 4071 4433 7439 9301 6537 2962
133 8890 3581 6503 3820 9333 6269 4941 9674 1522 2781 2426 6601 3493 4191 9144 4780 8580 4071 4433 7439 9301 6537 2962
134 8890 3581 6503 3820 9333 6269 4941 9674 1522 2781 2426 6601 3493 4191 9144 4780 8580 4071 4433 7439 9301 6537 2
135 1 3772 9321 6793 7216 3653 6181 1020 7357 2595 2444 3847 4222 9283 9086 7355 847 8907 673 3111
136 8890 3581 6503 3820 9333 6269 4941 9674 1522 2781 2426 6601 3493 4191 9144 4780 8580 4071 4433 7439 9301 7699 8387 7762
137 8890 3581 6503 3820 9333 6269 4941 9674 1522 2781 2426 6601 3493 4191 9144 4780 8580 4071 4433 7439 9301 6537 2962
138 1 3772 9321 6793 7216 3653 6181 1020 7357 2595 2444 3847 4222 9283 9086 7355 847 8907 673 3111
139 8890 3581 6503 3820 9333 6269 4941 9674 1522 2781 2426 6601 3493 4191 9144 4780 8580 4071 4433 7439 9301 6537 2962
140 1 3772 9321 6793 7216 3653 6181 1020 7357 2595 2444 3847 4222 9283 9086 7355 847 8907 673 3111
141 1 3772 9321 6793 7216 3653 6181 1020 7357 2595 2444 3847 4222 9283 9086 7355 847 8907 673 3111
142 147 7389 5468 3888 9131 3563 7785 575 1333 7699 7105 6537 8387 7762 4035 2962
143 8890 3581 6503 3820 9333 6269 4941 9674 1522 2781 2426 6601 3493 4191 9144 4780 8580 4071 4433 7439 9301 6537 2962
144 1 3772 9321 6793 7216 3653 6181 1020 7357 2595 2444 3847 4222 9283 9086 7355 847 8907 673 3111
145 1 3772 9321 6793 7216 3653 6181 1020 7357 2595 2444 3847 4222 9283 9086 7355 847 8907 673 3111
146 1 3772 9321 6793 7216 3653 6181 1020 7357 2595 2444 3847 4222 9283 9086 7355 847 8907 673 3111
147 8890 3581 6503 3820 9333 6269 4941 9674 1522 2781 2426 6601 3493 4191 9144 4780 8580 4071 4433 7439 9301 6537 321
148 8890 3581 6503 3820 9333 6269 4941 9674 1522 2781 2426 6601 3493 4191 9144 4780 8580 4071 4433 7439 9301 7699 8387 7762
149 1 3772 9321 6793 7216 3653 6181 1020 7357 2595 2444 3847 4222 9283 9086 7355 847 8907 673 3111
150 1 3772 9321 6793 7216 3653 6181 1020 7357 2595 2444 3847 4222 9283 9086 7355 847 8907 673 3111
151 1 3772 9321 6793 7216 3653 6181 1020 7357 2595 2444 3847 4222 9283 9086 7355 847 8907 673 3111
152 8890 3581 6503 3820 9333 6269 4941 9674 1522 2781 2426 6601 3493 4191 9144 4780 8580 4071 4433 7439 9301 6537 2962
153 1 3772 9321 6793 7216 3653 6181 1020 7357 2595 2444 3847 4222 9283 9086 7355 847 8907 673 3111
154 1 3772 9321 6793 7216 3653 6181 1020 7357 2595 2444 3847 4222 9283 9086 7355 847 8907 673 3111
155 8890 3581 6503 3820 9333 6269 4941 9674 1522 2781 2426 6601 3493 4191 9144 4780 8580 4071 4433 7439 9301 6537 321
156 8890 3581 6503 3820 9333 6269 4941 9674 1522 2781 2426 6601 3493 4191 9144 4780 8580 4071 4433 7439 9301 6537 2962
157 1 3772 9321 6793 7216 3653 6181 1020 7357 2595 2444 3847 4222 9283 9086 7355 847 8907 673 3111
158 8890 3581 6503 3820 9333 6269 4941 9674 1522 2781 2426 6601 3493 4191 9144 4780 8580 4071 4433 7439 9301 6537 2962
159 8890 3581 6503 3820 9333 6269 4941 9674 1522 2781 2426 6601 3493 4191 9144 4780 8580 4071 4433 7439 9301 6537 2962
160 8890 3581 6503 3820 9333 6269 4941 9674 1522 2781 2426 6601 3493 4191 9144 4780 8580 4071 4433 7439 9301 6537 2962
161 1 3772 9321 6793 7216 3653 6181 1020 7357 2595 2444 3847 4222 9283 9086 7355 847 8907 673 3111
162 8890 3581 6503 3820 9333 6269 4941 9674 1522 2781 2426 6601 3493 4191 9144 4780 8580 4071 4433 7439 9301 6537 321
163 1 3772 9321 6793 7216 3653 6181 1020 7357 2595 2444 3847 4222 9283 9086 7355 847 8907 673 3111
164 8890 3581 6503 3820 9333 6269 4941 9674 1522 2781 2426 6601 3493 4191 9144 4780 8580 4071 4433 7439 9301 6537 321
165 8890 3581 6503 3820 9333 6269 4941 9674 1522 2781 2426 6601 3493 4191 9144 4780 8580 4071 4433 7439 9301 6537 321
166 1 3772 9321 6793 7216 3653 6181 1020 7357 2595 2444 3847 4222 9283 9086 7355 847 8907 673 3111
167 8890 3581 6503 3820 9333 6269 4941 9674 1522 2781 2426 6601 3493 4191 9144 4780 8580 4071 4433 7439 9301 6537 2962
168 1 3772 9321 6793 7216 3653 6181 1020 7357 2595 2444 3847 4222 9283 9086 7355 847 8907 673 3111
169 8890 3581 6503 3820 9333 6269 4941 9674 1522 2781 2426 6601 3493 4191 9144 4780 8580 4071 4433 7439 9301 6537 2962
170 8890 3581 6503 3820 9333 6269 4941 9674 1522 2781 2426 6601 3493 4191 9144 4780 8580 4071 4433 7439 9301 6537 321
171 8890 3581 6503 3820 9333 6269 4941 9674 1522 2781 2426 6601 3493 4191 9144 4780 8580 4071 4433 7439 9301 6537 2962
172 1 3772 9321 6793 7216 3653 6181 1020 7357 2595 2444 3847 4222 9283 9086 7355 847 8907 673 3111
173 8890 3581 6503 3820 9333 6269 4941 9674 1522 2781 2426 6601 3493 4191 9144 4780 8580 4071 4433 7439 9301 6537 321
174 8890 3581 6503 3820 9333 6269 4941 9674 1522 2781 2426 6601 3493 4191 9144 4780 8580 4071 4433 7439 9301 6537 2962
175 1 3772 9321 6793 7216 3653 6181 1020 7357 2595 2444 3847 4222 9283 9086 7355 847 8907 673 3111
176 1 3772 9321 6793 7216 3653 6181 1020 7357 2595 2444 3847 4222 9283 9086 7355 847 8907 673 3111
177 8890 3581 6503 3820 9333 6269 4941 9674 1522 2781 2426 6601 3493 4191 9144 4780 8580 4071 4433 7439 9301 6537 321
178 1 3772 9321 6793 7216 3653 6181 1020 7357 2595 2444 3847 4222 9283 9086 7355 847 8907 673 3111
179 8890 3581 6503 3820 9333 6269 4941 9674 1522 2781 2426 6601 3493 4191 9144 4780 8580 4071 4433 7439 9301 6537 2962
180 1 3772 9321 6793 7216 3653 6181 1020 7357 2595 2444 3847 4222 9283 9086 7355 847 8907 673 3111
181 1 3772 9321 6793 7216 3653 6181 1020 7357 2595 2444 3847 4222 9283 9086 7355 847 8907 673 3111
182 1 3772 9321 6793 7216 3653 6181 1020 7357 2595 2444 3847 4222 9283 9086 7355 847 8907 673 3111
183 8890 3581 6503 3820 9333 6269 4941 9674 1522 2781 2426 6601 3493 4191 9144 4780 8580 4071 4433 7439 9301 6537 2962
184 8890 3581 6503 3820 9333 6269 4941 9674 1522 2781 2426 6601 3493 4191 9144 4780 8580 4071 4433 7439 9301 6537 321
185 1 3772 9321 6793 7216 3653 6181 1020 7357 2595 2444 3847 4222 9283 9086 7355 847 8907 673 3111
186 8890 3581 6503 3820 9333 6269 4941 9674 1522 2781 2426 6601 3493 4191 9144 4780 8580 4071 4433 7439 9301 6537 2962
187 8890 3581 6503 3820 9333 6269 4941 9674 1522 2781 2426 6601 3493 4191 9144 4780 8580 4071 4433 7439 9301 6537 321
188 1 3772 9321 6793 7216 3653 6181 1020 7357 2595 2444 3847 4222 9283 9086 7355 847 8907 673 3111
189 8890 3581 6503 3820 9333 6269 4941 9674 1522 2781 2426 6601 3493 4191 9144 4780 8580 4071 4433 7439 9301 6537 2962
190 1 3772 9321 6793 7216 3653 6181 1020 7357 2595 2444 3847 4222 9283 9086 7355 847 8907 673 3111
191 1 3772 9321 6793 7216 3653 6181 1020 7357 2595 2444 3847 4222 9283 9086 7355 847 8907 673 3111
192 8890 3581 6503 3820 9333 6269 4941 9674 1522 2781 2426 6601 3493 4191 9144 4780 8580 4071 4433 7439 9301 6537 2962
193 8890 3581 6503 3820 9333 6269 4941 9674 1522 2781 2426 6601 3493 4191 9144 4780 8580 4071 4433 7439 9301 6537 321
194 1 3772 9321 6793 7216 3653 6181 1020 7357 2595 2444 3847 4222 9283 9086 7355 847 8907 673 3111
195 8890 3581 6503 3820 9333 6269 4941 9674 1522 2781 2426 6601 3493 4191 9144 4780 8580 4071 4433 7439 9301 6537 321
196 8890 3581 6503 3820 9333 6269 4941 9674 1522 2781 2426 6601 3493 4191 9144 4780 8580 4071 4433 7439 9301 6537 2962
197 8890 3581 6503 3820 9333 6269 4941 9674 1522 2781 2426 6601 3493 4191 9144 4780 8580 4071 4433 7439 9301 6537 321
198 8890 3581 6503 3820 9333 6269 4941 9674 1522 2781 2426 6601 3493 4191 9144 4780 8580 4071 4433 7439 9301 6537 321
199 1 3772 9321 6793 7216 3653 6181 1020 7357 2595 2444 3847 4222 9283 9086 7355 847 8907 673 3111
200 8890 3581 6503 3820 9333 6269 4941 9674 1522 2781 2426 6601 3493 4191 9144 4780 8580 4071 4433 7439 9301 6537 2
201 8890 3581 6503 3820 9333 6269 4941 9674 1522 2781 2426 6601 3493 4191 9144 4780 8580 4071 4433 7439 9301 6537 321
202 1 3772 9321 6793 7216 3653 6181 1020 7357 2595 2444 3847 4222 9283 9086 7355 847 8907 673 3111
203 8890 3581 6503 3820 9333 6269 4941 9674 1522 2781 2426 6601 3493 4191 9144 4780 8580 4071 4433 7439 9301 6537 2962
204 8890 3581 6503 3820 9333 6269 4941 9674 1522 2781 2426 6601 3493 4191 9144 4780 8580 4071 4433 7439 9301 6537 321
205 1 3772 9321 6793 7216 3653 6181 1020 7357 2595 2444 3847 4222 9283 9086 7355 847 8907 673 3111
206 147 7389 5468 3888 9131 3563 7785 575 1333 7699 7105 6537 8387 7762 4035 2
207 1 3772 9321 6793 7216 3653 6181 1020 7357 2595 2444 3847 4222 9283 9086 7355 847 8907 673 3111
208 1 3772 9321 6793 7216 3653 6181 1020 7357 2595 2444 3847 4222 9283 9086 7355 847 8907 673 3111
209 8890 3581 6503 3820 9333 6269 4941 9674 1522 2781 2426 6601 3493 4191 9144 4780 8580 4071 4433 7439 9301 6537 2962
210 8890 3581 6503 3820 9333 6269 4941 9674 1522 2781 2426 6601 3493 4191 9144 4780 8580 4071 4433 7439 9301 6537 2962
211 8890 3581 6503 3820 9333 6269 4941 9674 1522 2781 2426 6601 3493 4191 9144 4780 8580 4071 4433 7439 9301 6537 2962
212 1 3772 9321 6793 7216 3653 6181 1020 7357 2595 2444 3847 4222 9283 9086 7355 847 8907 673 3111
213 1 3772 9321 6793 7216 3653 6181 1020 7357 2595 2444 3847 4222 9283 9086 7355 847 8907 673 3111
214 8890 3581 6503 3820 9333 6269 4941 9674 1522 2781 2426 6601 3493 4191 9144 4780 8580 4071 4433 7439 9301 6537 2962
215 1 3772 9321 6793 7216 3653 6181 1020 7357 2595 2444 3847 4222 9283 9086 7355 847 8907 673 3111
216 8890 3581 6503 3820 9333 6269 4941 9674 1522 2781 2426 6601 3493 4191 9144 4780 8580 4071 4433 7439 9301 6537 2962
217 1 3772 9321 6793 7216 3653 6181 1020 7357 2595 2444 3847 4222 9283 9086 7355 847 8907 673 3111
218 1 3772 9321 6793 7216 3653 6181 1020 7357 2595 2444 3847 4222 9283 9086 7355 847 8907 673 3111
219 8890 3581 6503 3820 9333 6269 4941 9674 1522 2781 2426 6601 3493 4191 9144 4780 8580 4071 4433 7439 9301 6537 2962
220 8890 3581 6503 3820 9333 6269 4941 9674 1522 2781 2426 6601 3493 4191 9144 4780 8580 4071 4433 7439 9301 6537 2962
221 1 3772 9321 6793 7216 3653 6181 1020 7357 2595 2444 3847 4222 9283 9086 7355 847 8907 673 3111
222 8890 3581 6503 3820 9333 6269 4941 9674 1522 2781 2426 6601 3493 4191 9144 4780 8580 4071 4433 7439 9301 6537 2962
223 8890 3581 6503 3820 9333 6269 4941 9674 1522 2781 2426 6601 3493 4191 9144 4780 8580 4071 4433 7439 9301 6537 2962
224 1 3772 9321 6793 7216 3653 6181 1020 7357 2595 2444 3847 4222 9283 9086 7355 847 8907 673 3111
225 8890 3581 6503 3820 9333 6269 4941 9674 1522 2781 2426 6601 3493 4191 9144 4780 8580 4071 4433 7439 9301 6537 321
226 8890 3581 6503 3820 9333 6269 4941 9674 1522 2781 2426 6601 3493 4191 9144 4780 8580 4071 4433 7439 9301 6537 2962
227 8890 3581 6503 3820 9333 6269 4941 9674 1522 2781 2426 6601 3493 4191 9144 4780 8580 4071 4433 7439 9301 6537 321
228 8890 3581 6503 3820 9333 6269 4941 9674 1522 2781 2426 6601 3493 4191 9144 4780 8580 4071 4433 7439 9301 6537 2962
229 8890 3581 6503 3820 9333 6269 4941 9674 1522 2781 2426 6601 3493 4191 9144 4780 8580 4071 4433 7439 9301 6537 2962
230 1 3772 9321 6793 7216 3653 6181 1020 7357 2595 2444 3847 4222 9283 9086 7355 847 8907 673 3111
231 1 3772 9321 6793 7216 3653 6181 1020 7357 2595 2444 3847 4222 9283 9086 7355 847 8907 673 3111
232 1 3772 9321 6793 7216 3653 6181 1020 7357 2595 2444 3847 4222 9283 9086 7355 847 8907 673 3111
233 8890 3581 6503 3820 9333 6269 4941 9674 1522 2781 2426 6601 3493 4191 9144 4780 8580 4071 4433 7439 9301 6537 2962
234 8890 3581 6503 3820 9333 6269 4941 9674 1522 2781 2426 6601 3493 4191 9144 4780 8580 4071 4433 7439 9301 6537 2962
235 1 3772 9321 6793 7216 3653 6181 1020 7357 2595 2444 3847 4222 9283 9086 7355 847 8907 673 3111
236 1 3772 9321 6793 7216 3653 6181 1020 7357 2595 2444 3847 4222 9283 9086 7355 847 8907 673 3111
237 1 3772 9321 6793 7216 3653 6181 1020 7357 2595 2444 3847 4222 9283 9086 7355 847 8907 673 3111
238 8890 3581 6503 3820 9333 6269 4941 9674 1522 2781 2426 6601 3493 4191 9144 4780 8580 4071 4433 7439 9301 6537 321
239 1 3772 9321 6793 7216 3653 6181 1020 7357 2595 2444 3847 4222 9283 9086 7355 847 8907 673 3111
240 8890 3581 6503 3820 9333 6269 4941 9674 1522 2781 2426 6601 3493 4191 9144 4780 8580 4071 4433 7439 9301 6537 321
241 1 3772 9321 6793 7216 3653 6181 1020 7357 2595 2444 3847 4222 9283 9086 7355 847 8907 673 3111
242 8890 3581 6503 3820 9333 6269 4941 9674 1522 2781 2426 6601 3493 4191 9144 4780 8580 4071 4433 7439 9301 6537 2962
243 8890 3581 6503 3820 9333 6269 4941 9674 1522 2781 2426 6601 3493 4191 9144 4780 8580 4071 4433 7439 9301 6537 321
244 8890 3581 6503 3820 9333 6269 4941 9674 1522 2781 2426 6601 3493 4191 9144 4780 8580 4071 4433 7439 9301 6537 2962
245 8890 3581 6503 3820 9333 6269 4941 9674 1522 2781 2426 6601 3493 4191 9144 4780 8580 4071 4433 7439 9301 6537 321
246 8890 3581 6503 3820 9333 6269 4941 9674 1522 2781 2426 6601 3493 4191 9144 4780 8580 4071 4433 7439 9301 6537 321
247 8890 3581 6503 3820 9333 6269 4941 9674 1522 2781 2426 6601 3493 4191 9144 4780 8580 4071 4433 7439 9301 6537 2962
248 1 3772 9321 6793 7216 3653 6181 1020 7357 2595 2444 3847 4222 9283 9086 7355 847 8907 673 3111
249 8890 3581 6503 3820 9333 6269 4941 9674 1522 2781 2426 6601 3493 4191 9144 4780 8580 4071 4433 7439 9301 6537 321
250 8890 3581 6503 3820 9333 6269 4941 9674 1522 2781 2426 6601 3493 4191 9144 4780 8580 4071 4433 7439 9301 6537 2962
251 1 3772 9321 6793 7216 3653 6181 1020 7357 2595 2444 3847 4222 9283 9086 7355 847 8907 673 3111
252 1 3772 9321 6793 7216 3653 6181 1020 7357 2595 2444 3847 4222 9283 9086 7355 847 8907 673 3111
253 1 3772 9321 6793 7216 3653 6181 1020 7357 2595 2444 3847 4222 9283 9086 7355 847 8907 673 3111
254 1 3772 9321 6793 7216 3653 6181 1020 7357 2595 2444 3847 4222 9283 9086 7355 847 8907 673 3111
255 1 3772 9321 6793 7216 3653 6181 1020 7357 2595 2444 3847 4222 9283 9086 7355 847 8907 673 3111
256 147 7389 5468 3888 9131 3563 7785 575 1333 7699 7105 6537 8387 7762 4035 2
257 1 3772 9321 6793 7216 3653 6181 1020 7357 2595 2444 3847 4222 9283 9086 7355 847 8907 673 3111
258 1 3772 9321 6793 7216 3653 6181 1020 7357 2595 2444 3847 4222 9283 9086 7355 847 8907 673 3111
259 8890 3581 6503 3820 9333 6269 4941 9674 1522 2781 2426 6601 3493 4191 9144 4780 8580 4071 4433 7439 9301 6537 2962
260 1 3772 9321 6793 7216 3653 6181 1020 7357 2595 2444 3847 4222 9283 9086 7355 847 8907 673 3111
261 8890 3581 6503 3820 9333 6269 4941 9674 1522 2781 2426 6601 3493 4191 9144 4780 8580 4071 4433 7439 9301 6537 2962
262 8890 3581 6503 3820 9333 6269 4941 9674 1522 2781 2426 6601 3493 4191 9144 4780 8580 4071 4433 7439 9301 6537 2
263 8890 3581 6503 3820 9333 6269 4941 9674 1522 2781 2426 6601 3493 4191 9144 4780 8580 4071 4433 7439 9301 6537 2962
264 8890 3581 6503 3820 9333 6269 4941 9674 1522 2781 2426 6601 3493 4191 9144 4780 8580 4071 4433 7439 9301 6537 321
265 8890 3581 6503 3820 9333 6269 4941 9674 1522 2781 2426 6601 3493 4191 9144 4780 8580 4071 4433 7439 9301 6537 321
266 1 3772 9321 6793 7216 3653 6181 1020 7357 2595 2444 3847 4222 9283 9086 7355 847 8907 673 3111
267 8890 3581 6503 3820 9333 6269 4941 9674 1522 2781 2426 6601 3493 4191 9144 4780 8580 4071 4433 7439 9301 6537 321
268 1 3772 9321 6793 7216 3653 6181 1020 7357 2595 2444 3847 4222 9283 9086 7355 847 8907 673 3111
269 8890 3581 6503 3820 9333 6269 4941 9674 1522 2781 2426 6601 3493 4191 9144 4780 8580 4071 4433 7439 9301 6537 2962
270 1 3772 9321 6793 7216 3653 6181 1020 7357 2595 2444 3847 4222 9283 9086 7355 847 8907 673 3111
271 8890 3581 6503 3820 9333 6269 4941 9674 1522 2781 2426 6601 3493 4191 9144 4780 8580 4071 4433 7439 9301 6537 2962
272 8890 3581 6503 3820 9333 6269 4941 9674 1522 2781 2426 6601 3493 4191 9144 4780 8580 4071 4433 7439 9301 6537 2962
273 1 3772 9321 6793 7216 3653 6181 1020 7357 2595 2444 3847 4222 9283 9086 7355 847 8907 673 3111
274 1 3772 9321 6793 7216 3653 6181 1020 7357 2595 2444 3847 4222 9283 9086 7355 847 8907 673 3111
275 8890 3581 6503 3820 9333 6269 4941 9674 1522 2781 2426 6601 3493 4191 9144 4780 8580 4071 4433 7439 9301 6537 321
276 1 3772 9321 6793 7216 3653 6181 1020 7357 2595 2444 3847 4222 9283 9086 7355 847 8907 673 3111
277 8890 3581 6503 3820 9333 6269 4941 9674 1522 2781 2426 6601 3493 4191 9144 4780 8580 4071 4433 7439 9301 6537 2962
278 1 3772 9321 6793 7216 3653 6181 1020 7357 2595 2444 3847 4222 9283 9086 7355 847 8907 673 3111
279 250 9093 94 77 5579 7360 7796 4846 1439 9769 1465 7749 3681 8043 321 3012
280 1 3772 9321 6793 7216 3653 6181 1020 7357 2595 2444 3847 4222 9283 9086 7355 847 8907 673 3111
281 8890 3581 6503 3820 9333 6269 4941 9674 1522 2781 2426 6601 3493 4191 9144 4780 8580 4071 4433 7439 9301 6537 2962
282 8890 3581 6503 3820 9333 6269 4941 9674 1522 2781 2426 6601 3493 4191 9144 4780 8580 4071 4433 7439 9301 6537 2962
283 1 3772 9321 6793 7216 3653 6181 1020 7357 2595 2444 3847 4222 9283 9086 7355 847 8907 673 3111
284 1 3772 9321 6793 7216 3653 6181 1020 7357 2595 2444 3847 4222 9283 9086 7355 847 8907 673 3111
285 8890 3581 6503 3820 9333 6269 4941 9674 1522 2781 2426 6601 3493 4191 9144 4780 8580 4071 4433 7439 9301 6537 321
286 1 3772 9321 6793 7216 3653 6181 1020 7357 2595 2444 3847 4222 9283 9086 7355 847 8907 673 3111
287 8890 3581 6503 3820 9333 6269 4941 9674 1522 2781 2426 6601 3493 4191 9144 4780 8580 4071 4433 7439 9301 6537 2962
288 250 9093 94 77 5579 7360 7796 4846 1439 9769 1465 7749 3681 8043 321 2555
289 1 3772 9321 6793 7216 3653 6181 1020 7357 2595 2444 3847 4222 9283 9086 7355 847 8907 673 3111
290 1 3772 9321 6793 7216 3653 6181 1020 7357 2595 2444 3847 4222 9283 9086 7355 847 8907 673 3111
291 8890 3581 6503 3820 9333 6269 4941 9674 1522 2781 2426 6601 3493 4191 9144 4780 8580 4071 4433 7439 9301 6537 321
292 1 3772 9321 6793 7216 3653 6181 1020 7357 2595 2444 3847 4222 9283 9086 7355 847 8907 673 3111
293 8890 3581 6503 3820 9333 6269 4941 9674 1522 2781 2426 6601 3493 4191 9144 4780 8580 4071 4433 7439 9301 6537 2962
294 8890 3581 6503 3820 9333 6269 4941 9674 1522 2781 2426 6601 3493 4191 9144 4780 8580 4071 4433 7439 9301 6537 2962
295 8890 3581 6503 3820 9333 6269 4941 9674 1522 2781 2426 6601 3493 4191 9144 4780 8580 4071 4433 7439 9301 6537 2962
296 1 3772 9321 6793 7216 3653 6181 1020 7357 2595 2444 3847 4222 9283 9086 7355 847 8907 673 3111
297 8890 3581 6503 3820 9333 6269 4941 9674 1522 2781 2426 6601 3493 4191 9144 4780 8580 4071 4433 7439 9301 6537 2962
298 1 3772 9321 6793 7216 3653 6181 1020 7357 2595 2444 3847 4222 9283 9086 7355 847 8907 673 3111
299 8890 3581 6503 3820 9333 6269 4941 9674 1522 2781 2426 6601 3493 4191 9144 4780 8580 4071 4433 7439 9301 6537 2962
300 1 3772 9321 6793 7216 3653 6181 1020 7357 2595 2444 3847 4222 9283 9086 7355 847 8907 673 3111
301 250 9093 94 77 5579 7360 7796 4846 1439 9769 1465 7749 3681 8043 2962 935
302 1 3772 9321 6793 7216 3653 6181 1020 7357 2595 2444 3847 4222 9283 9086 7355 847 8907 673 3111
303 8890 3581 6503 3820 9333 6269 4941 9674 1522 2781 2426 6601 3493 4191 9144 4780 8580 4071 4433 7439 9301 6537 321
304 1 3772 9321 6793 7216 3653 6181 1020 7357 2595 2444 3847 4222 9283 9086 7355 847 8907 673 3111
305 8890 3581 6503 3820 9333 6269 4941 9674 1522 2781 2426 6601 3493 4191 9144 4780 8580 4071 4433 7439 9301 6537 321
306 1 3772 9321 6793 7216 3653 6181 1020 7357 2595 2444 3847 4222 9283 9086 7355 847 8907 673 3111
307 1 3772 9321 6793 7216 3653 6181 1020 7357 2595 2444 3847 4222 9283 9086 7355 847 8907 673 3111
308 8890 3581 6503 3820 9333 6269 4941 9674 1522 2781 2426 6601 3493 4191 9144 4780 8580 4071 4433 7439 9301 6537 2
309 1 3772 9321 6793 7216 3653 6181 1020 7357 2595 2444 3847 4222 9283 9086 7355 847 8907 673 3111
310 1 3772 9321 6793 7216 3653 6181 1020 7357 2595 2444 3847 4222 9283 9086 7355 847 8907 673 3111
311 1 3772 9321 6793 7216 3653 6181 1020 7357 2595 2444 3847 4222 9283 9086 7355 847 8907 673 3111
312 1 3772 9321 6793 7216 3653 6181 1020 7357 2595 2444 3847 4222 9283 9086 7355 847 8907 673 3111
313 1 3772 9321 6793 7216 3653 6181 1020 7357 2595 2444 3847 4222 9283 9086 7355 847 8907 673 3111
314 1 3772 9321 6793 7216 3653 6181 1020 7357 2595 2444 3847 4222 9283 9086 7355 847 8907 673 3111
315 8890 3581 6503 3820 9333 6269 4941 9674 1522 2781 2426 6601 3493 4191 9144 4780 8580 4071 4433 7439 9301 6537 2962
316 8890 3581 6503 3820 9333 6269 4941 9674 1522 2781 2426 6601 3493 4191 9144 4780 8580 4071 4433 7439 9301 6537 321
317 8890 3581 6503 3820 9333 6269 4941 9674 1522 2781 2426 6601 3493 4191 9144 4780 8580 4071 4433 7439 9301 6537 2962
318 1 3772 9321 6793 7216 3653 6181 1020 7357 2595 2444 3847 4222 9283 9086 7355 847 8907 673 3111
319 1 3772 9321 6793 7216 3653 6181 1020 7357 2595 2444 3847 4222 9283 9086 7355 847 8907 673 3111
320 8890 3581 6503 3820 9333 6269 4941 9674 1522 2781 2426 6601 3493 4191 9144 4780 8580 4071 4433 7439 9301 6537 2962
321 8890 3581 6503 3820 9333 6269 4941 9674 1522 2781 2426 6601 3493 4191 9144 4780 8580 4071 4433 7439 9301 6537 321
322 8890 3581 6503 3820 9333 6269 4941 9674 1522 2781 2426 6601 3493 4191 9144 4780 8580 4071 4433 7439 9301 6537 321
323 1 3772 9321 6793 7216 3653 6181 1020 7357 2595 2444 3847 4222 9283 9086 7355 847 8907 673 3111
324 8890 3581 6503 3820 9333 6269 4941 9674 1522 2781 2426 6601 3493 4191 9144 4780 8580 4071 4433 7439 9301 6537 321
325 8890 3581 6503 3820 9333 6269 4941 9674 1522 2781 2426 6601 3493 4191 9144 4780 8580 4071 4433 7439 9301 6537 321
326 1 3772 9321 6793 7216 3653 6181 1020 7357 2595 2444 3847 4222 9283 9086 7355 847 8907 673 3111
327 8890 3581 6503 3820 9333 6269 4941 9674 1522 2781 2426 6601 3493 4191 9144 4780 8580 4071 4433 7439 9301 6537 2962
328 1 3772 9321 6793 7216 3653 6181 1020 7357 2595 2444 3847 4222 9283 9086 7355 847 8907 673 3111
329 8890 3581 6503 3820 9333 6269 4941 9674 1522 2781 2426 6601 3493 4191 9144 4780 8580 4071 4433 7439 9301 6537 2962
330 1 3772 9321 6793 7216 3653 6181 1020 7357 2595 2444 3847 4222 9283 9086 7355 847 8907 673 3111
331 8890 3581 6503 3820 9333 6269 4941 9674 1522 2781 2426 6601 3493 4191 9144 4780 8580 4071 4433 7439 9301 6537 321
332 8890 3581 6503 3820 9333 6269 4941 9674 1522 2781 2426 6601 3493 4191 9144 4780 8580 4071 4433 7439 9301 6537 321
333 1 3772 9321 6793 7216 3653 6181 1020 7357 2595 2444 3847 4222 9283 9086 7355 847 8907 673 3111
334 8890 3581 6503 3820 9333 6269 4941 9674 1522 2781 2426 6601 3493 4191 9144 4780 8580 4071 4433 7439 9301 6537 2962
335 8890 3581 6503 3820 9333 6269 4941 9674 1522 2781 2426 6601 3493 4191 9144 4780 8580 4071 4433 7439 9301 6537 321
336 8890 3581 6503 3820 9333 6269 4941 9674 1522 2781 2426 6601 3493 4191 9144 4780 8580 4071 4433 7439 9301 6537 321
337 1 3772 9321 6793 7216 3653 6181 1020 7357 2595 2444 3847 4222 9283 9086 7355 847 8907 673 3111
338 250 9093 94 77 5579 7360 7796 4846 1439 9769 1465 7749 3681 8043 2962 935
339 1 3772 9321 6793 7216 3653 6181 1020 7357 2595 2444 3847 4222 9283 9086 7355 847 8907 673 3111
340 1 3772 9321 6793 7216 3653 6181 1020 7357 2595 2444 3847 4222 9283 9086 7355 847 8907 673 3111
341 8890 3581 6503 3820 9333 6269 4941 9674 1522 2781 2426 6601 3493 4191 9144 4780 8580 4071 4433 7439 9301 6537 2962
342 8890 3581 6503 3820 9333 6269 4941 9674 1522 2781 2426 6601 3493 4191 9144 4780 8580 4071 4433 7439 9301 6537 5715
343 8890 3581 6503 3820 9333 6269 4941 9674 1522 2781 2426 6601 3493 4191 9144 4780 8580 4071 4433 7439 9301 6537 321
344 8890 3581 6503 3820 9333 6269 4941 9674 1522 2781 2426 6601 3493 4191 9144 4780 8580 4071 4433 7439 9301 6537 321
345 1 3772 9321 6793 7216 3653 6181 1020 7357 2595 2444 3847 4222 9283 9086 7355 847 8907 673 3111
346 8890 3581 6503 3820 9333 6269 4941 9674 1522 2781 2426 6601 3493 4191 9144 4780 8580 4071 4433 7439 9301 6537 2962
347 8890 3581 6503 3820 9333 6269 4941 9674 1522 2781 2426 6601 3493 4191 9144 4780 8580 4071 4433 7439 9301 6537 2962
348 8890 3581 6503 3820 9333 6269 4941 9674 1522 2781 2426 6601 3493 4191 9144 4780 8580 4071 4433 7439 9301 6537 321
349 1 3772 9321 6793 7216 3653 6181 1020 7357 2595 2444 3847 4222 9283 9086 7355 847 8907 673 3111
350 8890 3581 6503 3820 9333 6269 4941 9674 1522 2781 2426 6601 3493 4191 9144 4780 8580 4071 4433 7439 9301 6537 2962
351 1 3772 9321 6793 7216 3653 6181 1020 7357 2595 2444 3847 4222 9283 9086 7355 847 8907 673 3111
352 1 3772 9321 6793 7216 3653 6181 1020 7357 2595 2444 3847 4222 9283 9086 7355 847 8907 673 3111
353 8890 3581 6503 3820 9333 6269 4941 9674 1522 2781 2426 6601 3493 4191 9144 4780 8580 4071 4433 7439 9301 6537 321
354 1 3772 9321 6793 7216 3653 6181 1020 7357 2595 2444 3847 4222 9283 9086 7355 847 8907 673 3111
355 8890 3581 6503 3820 9333 6269 4941 9674 1522 2781 2426 6601 3493 4191 9144 4780 8580 4071 4433 7439 9301 6537 2962
356 1 3772 9321 6793 7216 3653 6181 1020 7357 2595 2444 3847 4222 9283 9086 7355 847 8907 673 3111
357 8890 3581 6503 3820 9333 6269 4941 9674 1522 2781 2426 6601 3493 4191 9144 4780 8580 4071 4433 7439 9301 6537 321
358 1 3772 9321 6793 7216 3653 6181 1020 7357 2595 2444 3847 4222 9283 9086 7355 847 8907 673 3111
359 8890 3581 6503 3820 9333 6269 4941 9674 1522 2781 2426 6601 3493 4191 9144 4780 8580 4071 4433 7439 9301 6537 2962
360 1 3772 9321 6793 7216 3653 6181 1020 7357 2595 2444 3847 4222 9283 9086 7355 847 8907 673 3111
361 8890 3581 6503 3820 9333 6269 4941 9674 1522 2781 2426 6601 3493 4191 9144 4780 8580 4071 4433 7439 9301 7699 8387 7762
362 1 3772 9321 6793 7216 3653 6181 1020 7357 2595 2444 3847 4222 9283 9086 7355 847 8907 673 3111
363 1 3772 9321 6793 7216 3653 6181 1020 7357 2595 2444 3847 4222 9283 9086 7355 847 8907 673 3111
364 8890 3581 6503 3820 9333 6269 4941 9674 1522 2781 2426 6601 3493 4191 9144 4780 8580 4071 4433 7439 9301 6537 321
365 1 3772 9321 6793 7216 3653 6181 1020 7357 2595 2444 3847 4222 9283 9086 7355 847 8907 673 3111
366 1 3772 9321 6793 7216 3653 6181 1020 7357 2595 2444 3847 4222 9283 9086 7355 847 8907 673 3111
367 1 3772 9321 6793 7216 3653 6181 1020 7357 2595 2444 3847 4222 9283 9086 7355 847 8907 673 3111
368 8890 3581 6503 3820 9333 6269 4941 9674 1522 2781 2426 6601 3493 4191 9144 4780 8580 4071 4433 7439 9301 6537 2962
369 8890 3581 6503 3820 9333 6269 4941 9674 1522 2781 2426 6601 3493 4191 9144 4780 8580 4071 4433 7439 9301 6537 2962
370 1 3772 9321 6793 7216 3653 6181 1020 7357 2595 2444 3847 4222 9283 9086 7355 847 8907 673 3111
371 1 3772 9321 6793 7216 3653 6181 1020 7357 2595 2444 3847 4222 9283 9086 7355 847 8907 673 3111
372 1 3772 9321 6793 7216 3653 6181 1020 7357 2595 2444 3847 4222 9283 9086 7355 847 8907 673 3111
373 1 3772 9321 6793 7216 3653 6181 1020 7357 2595 2444 3847 4222 9283 9086 7355 847 8907 673 3111
374 8890 3581 6503 3820 9333 6269 4941 9674 1522 2781 2426 6601 3493 4191 9144 4780 8580 4071 4433 7439 9301 6537 2962
375 8890 3581 6503 3820 9333 6269 4941 9674 1522 2781 2426 6601 3493 4191 9144 4780 8580 4071 4433 7439 9301 6537 2962
376 1 3772 9321 6793 7216 3653 6181 1020 7357 2595 2444 3847 4222 9283 9086 7355 847 8907 673 3111
377 1 3772 9321 6793 7216 3653 6181 1020 7357 2595 2444 3847 4222 9283 9086 7355 847 8907 673 3111
378 1 3772 9321 6793 7216 3653 6181 1020 7357 2595 2444 3847 4222 9283 9086 7355 847 8907 673 3111
379 8890 3581 6503 3820 9333 6269 4941 9674 1522 2781 2426 6601 3493 4191 9144 4780 8580 4071 4433 7439 9301 6537 2962
380 1 3772 9321 6793 7216 3653 6181 1020 7357 2595 2444 3847 4222 9283 9086 7355 847 8907 673 3111
381 8890 3581 6503 3820 9333 6269 4941 9674 1522 2781 2426 6601 3493 4191 9144 4780 8580 4071 4433 7439 9301 6537 321
382 1 3772 9321 6793 7216 3653 6181 1020 7357 2595 2444 3847 4222 9283 9086 7355 847 8907 673 3111
383 8890 3581 6503 3820 9333 6269 4941 9674 1522 2781 2426 6601 3493 4191 9144 4780 8580 4071 4433 7439 9301 6537 2962
384 1 3772 9321 6793 7216 3653 6181 1020 7357 2595 2444 3847 4222 9283 9086 7355 847 8907 673 3111
385 1 3772 9321 6793 7216 3653 6181 1020 7357 2595 2444 3847 4222 9283 9086 7355 847 8907 673 3111
386 8890 3581 6503 3820 9333 6269 4941 9674 1522 2781 2426 6601 3493 4191 9144 4780 8580 4071 4433 7439 9301 6537 2962
387 1 3772 9321 6793 7216 3653 6181 1020 7357 2595 2444 3847 4222 9283 9086 7355 847 8907 673 3111
388 1 3772 9321 6793 7216 3653 6181 1020 7357 2595 2444 3847 4222 9283 9086 7355 847 8907 673 3111
389 8890 3581 6503 3820 9333 6269 4941 9674 1522 2781 2426 6601 3493 4191 9144 4780 8580 4071 4433 7439 9301 6537 2962
390 8890 3581 6503 3820 9333 6269 4941 9674 1522 2781 2426 6601 3493 4191 9144 4780 8580 4071 4433 7439 9301 6537 2962
391 8890 3581 6503 3820 9333 6269 4941 9674 1522 2781 2426 6601 3493 4191 9144 4780 8580 4071 4433 7439 9301 6537 321
392 250 9093 94 77 5579 7360 7796 4846 1439 9769 1465 7749 3681 8043 2962 935
393 147 7389 5468 3888 9131 3563 7785 575 1333 7699 7105 6537 8387 7762 4035 2962
394 8890 3581 6503 3820 9333 6269 4941 9674 1522 2781 2426 6601 3493 4191 9144 4780 8580 4071 4433 7439 9301 6537 2962
395 8890 3581 6503 3820 9333 6269 4941 9674 1522 2781 2426 6601 3493 4191 9144 4780 8580 4071 4433 7439 9301 6537 2962
396 1 3772 9321 6793 7216 3653 6181 1020 7357 2595 2444 3847 4222 9283 9086 7355 847 8907 673 3111
397 8890 3581 6503 3820 9333 6269 4941 9674 1522 2781 2426 6601 3493 4191 9144 4780 8580 4071 4433 7439 9301 6537 321
398 1 3772 9321 6793 7216 3653 6181 1020 7357 2595 2444 3847 4222 9283 9086 7355 847 8907 673 3111
399 8890 3581 6503 3820 9333 6269 4941 9674 1522 2781 2426 6601 3493 4191 9144 4780 8580 4071 4433 7439 9301 6537 2962
400 1 3772 9321 6793 7216 3653 6181 1020 7357 2595 2444 3847 4222 9283 9086 7355 847 8907 673 3111
401 8890 3581 6503 3820 9333 6269 4941 9674 1522 2781 2426 6601 3493 4191 9144 4780 8580 4071 4433 7439 9301 6537 2962
402 8890 3581 6503 3820 9333 6269 4941 9674 1522 2781 2426 6601 3493 4191 9144 4780 8580 4071 4433 7439 9301 6537 2962
403 1 3772 9321 6793 7216 3653 6181 1020 7357 2595 2444 3847 4222 9283 9086 7355 847 8907 673 3111
404 8890 3581 6503 3820 9333 6269 4941 9674 1522 2781 2426 6601 3493 4191 9144 4780 8580 4071 4433 7439 9301 6537 2962
405 1 3772 9321 6793 7216 3653 6181 1020 7357 2595 2444 3847 4222 9283 9086 7355 847 8907 673 3111
406 8890 3581 6503 3820 9333 6269 4941 9674 1522 2781 2426 6601 3493 4191 9144 4780 8580 4071 4433 7439 9301 6537 321
407 1 3772 9321 6793 7216 3653 6181 1020 7357 2595 2444 3847 4222 9283 9086 7355 847 8907 673 3111
408 8890 3581 6503 3820 9333 6269 4941 9674 1522 2781 2426 6601 3493 4191 9144 4780 8580 4071 4433 7439 9301 6537 2962
409 8890 3581 6503 3820 9333 6269 4941 9674 1522 2781 2426 6601 3493 4191 9144 4780 8580 4071 4433 7439 9301 6537 2962
410 8890 3581 6503 3820 9333 6269 4941 9674 1522 2781 2426 6601 3493 4191 9144 4780 8580 4071 4433 7439 9301 6537 2962
411 1 3772 9321 6793 7216 3653 6181 1020 7357 2595 2444 3847 4222 9283 9086 7355 847 8907 673 3111
412 8890 3581 6503 3820 9333 6269 4941 9674 1522 2781 2426 6601 3493 4191 9144 4780 8580 4071 4433 7439 9301 6537 321
413 8890 3581 6503 3820 9333 6269 4941 9674 1522 2781 2426 6601 3493 4191 9144 4780 8580 4071 4433 7439 9301 6537 321
414 1 3772 9321 6793 7216 3653 6181 1020 7357 2595 2444 3847 4222 9283 9086 7355 847 8907 673 3111
415 8890 3581 6503 3820 9333 6269 4941 9674 1522 2781 2426 6601 3493 4191 9144 4780 8580 4071 4433 7439 9301 6537 321
416 1 3772 9321 6793 7216 3653 6181 1020 7357 2595 2444 3847 4222 9283 9086 7355 847 8907 673 3111
417 8890 3581 6503 3820 9333 6269 4941 9674 1522 2781 2426 6601 3493 4191 9144 4780 8580 4071 4433 7439 9301 6537 2962
418 1 3772 9321 6793 7216 3653 6181 1020 7357 2595 2444 3847 4222 9283 9086 7355 847 8907 673 3111
419 8890 3581 6503 3820 9333 6269 4941 9674 1522 2781 2426 6601 3493 4191 9144 4780 8580 4071 4433 7439 9301 6537 2962
420 1 3772 9321 6793 7216 3653 6181 1020 7357 2595 2444 3847 4222 9283 9086 7355 847 8907 673 3111
421 8890 3581 6503 3820 9333 6269 4941 9674 1522 2781 2426 6601 3493 4191 9144 4780 8580 4071 4433 7439 9301 6537 2962
422 1 3772 9321 6793 7216 3653 6181 1020 7357 2595 2444 3847 4222 9283 9086 7355 847 8907 673 3111
423 1 3772 9321 6793 7216 3653 6181 1020 7357 2595 2444 3847 4222 9283 9086 7355 847 8907 673 3111
424 1 3772 9321 6793 7216 3653 6181 1020 7357 2595 2444 3847 4222 9283 9086 7355 847 8907 673 3111
425 8890 3581 6503 3820 9333 6269 4941 9674 1522 2781 2426 6601 3493 4191 9144 4780 8580 4071 4433 7439 9301 6537 2962
426 1 3772 9321 6793 7216 3653 6181 1020 7357 2595 2444 3847 4222 9283 9086 7355 847 8907 673 3111
427 8890 3581 6503 3820 9333 6269 4941 9674 1522 2781 2426 6601 3493 4191 9144 4780 8580 4071 4433 7439 9301 8644 2962 935 321
428 8890 3581 6503 3820 9333 6269 4941 9674 1522 2781 2426 6601 3493 4191 9144 4780 8580 4071 4433 7439 9301 6537 2962
429 8890 3581 6503 3820 9333 6269 4941 9674 1522 2781 2426 6601 3493 4191 9144 4780 8580 4071 4433 7439 9301 6537 2962
430 1 3772 9321 6793 7216 3653 6181 1020 7357 2595 2444 3847 4222 9283 9086 7355 847 8907 673 3111
431 1 3772 9321 6793 7216 3653 6181 1020 7357 2595 2444 3847 4222 9283 9086 7355 847 8907 673 3111
432 8890 3581 6503 3820 9333 6269 4941 9674 1522 2781 2426 6601 3493 4191 9144 4780 8580 4071 4433 7439 9301 7699 8387 7762
433 8890 3581 6503 3820 9333 6269 4941 9674 1522 2781 2426 6601 3493 4191 9144 4780 8580 4071 4433 7439 9301 6537 2962
434 8890 3581 6503 3820 9333 6269 4941 9674 1522 2781 2426 6601 3493 4191 9144 4780 8580 4071 4433 7439 9301 7699 8387 7762
435 1 3772 9321 6793 7216 3653 6181 1020 7357 2595 2444 3847 4222 9283 9086 7355 847 8907 673 3111
436 1 3772 9321 6793 7216 3653 6181 1020 7357 2595 2444 3847 4222 9283 9086 7355 847 8907 673 3111
437 8890 3581 6503 3820 9333 6269 4941 9674 1522 2781 2426 6601 3493 4191 9144 4780 8580 4071 4433 7439 9301 6537 2
438 8890 3581 6503 3820 9333 6269 4941 9674 1522 2781 2426 6601 3493 4191 9144 4780 8580 4071 4433 7439 9301 6537 2962
439 1 3772 9321 6793 7216 3653 6181 1020 7357 2595 2444 3847 4222 9283 9086 7355 847 8907 673 3111
440 8890 3581 6503 3820 9333 6269 4941 9674 1522 2781 2426 6601 3493 4191 9144 4780 8580 4071 4433 7439 9301 6537 2962
441 1 3772 9321 6793 7216 3653 6181 1020 7357 2595 2444 3847 4222 9283 9086 7355 847 8907 673 3111
442 1 3772 9321 6793 7216 3653 6181 1020 7357 2595 2444 3847 4222 9283 9086 7355 847 8907 673 3111
443 1 3772 9321 6793 7216 3653 6181 1020 7357 2595 2444 3847 4222 9283 9086 7355 847 8907 673 3111
444 1 3772 9321 6793 7216 3653 6181 1020 7357 2595 2444 3847 4222 9283 9086 7355 847 8907 673 3111
445 1 3772 9321 6793 7216 3653 6181 1020 7357 2595 2444 3847 4222 9283 9086 7355 847 8907 673 3111
446 1 3772 9321 6793 7216 3653 6181 1020 7357 2595 2444 3847 4222 9283 9086 7355 847 8907 673 3111
447 8890 3581 6503 3820 9333 6269 4941 9674 1522 2781 2426 6601 3493 4191 9144 4780 8580 4071 4433 7439 9301 6537 321
448 1 3772 9321 6793 7216 3653 6181 1020 7357 2595 2444 3847 4222 9283 9086 7355 847 8907 673 3111
449 8890 3581 6503 3820 9333 6269 4941 9674 1522 2781 2426 6601 3493 4191 9144 4780 8580 4071 4433 7439 9301 6537 321
450 8890 3581 6503 3820 9333 6269 4941 9674 1522 2781 2426 6601 3493 4191 9144 4780 8580 4071 4433 7439 9301 6537 321
451 1 3772 9321 6793 7216 3653 6181 1020 7357 2595 2444 3847 4222 9283 9086 7355 847 8907 673 3111
452 8890 3581 6503 3820 9333 6269 4941 9674 1522 2781 2426 6601 3493 4191 9144 4780 8580 4071 4433 7439 9301 6537 2962
453 1 3772 9321 6793 7216 3653 6181 1020 7357 2595 2444 3847 4222 9283 9086 7355 847 8907 673 3111
454 8890 3581 6503 3820 9333 6269 4941 9674 1522 2781 2426 6601 3493 4191 9144 4780 8580 4071 4433 7439 9301 6537 321
455 1 3772 9321 6793 7216 3653 6181 1020 7357 2595 2444 3847 4222 9283 9086 7355 847 8907 673 3111
456 1 3772 9321 6793 7216 3653 6181 1020 7357 2595 2444 3847 4222 9283 9086 7355 847 8907 673 3111
457 8890 3581 6503 3820 9333 6269 4941 9674 1522 2781 2426 6601 3493 4191 9144 4780 8580 4071 4433 7439 9301 6537 321
458 1 3772 9321 6793 7216 3653 6181 1020 7357 2595 2444 3847 4222 9283 9086 7355 847 8907 673 3111
459 1 3772 9321 6793 7216 3653 6181 1020 7357 2595 2444 3847 4222 9283 9086 7355 847 8907 673 3111
460 1 3772 9321 6793 7216 3653 6181 1020 7357 2595 2444 3847 4222 9283 9086 7355 847 8907 673 3111
461 1 3772 9321 6793 7216 3653 6181 1020 7357 2595 2444 3847 4222 9283 9086 7355 847 8907 673 3111
462 8890 3581 6503 3820 9333 6269 4941 9674 1522 2781 2426 6601 3493 4191 9144 4780 8580 4071 4433 7439 9301 6537 321
463 1 3772 9321 6793 7216 3653 6181 1020 7357 2595 2444 3847 4222 9283 9086 7355 847 8907 673 3111
464 1 3772 9321 6793 7216 3653 6181 1020 7357 2595 2444 3847 4222 9283 9086 7355 847 8907 673 3111
465 8890 3581 6503 3820 9333 6269 4941 9674 1522 2781 2426 6601 3493 4191 9144 4780 8580 4071 4433 7439 9301 6537 321
466 8890 3581 6503 3820 9333 6269 4941 9674 1522 2781 2426 6601 3493 4191 9144 4780 8580 4071 4433 7439 9301 6537 321
467 8890 3581 6503 3820 9333 6269 4941 9674 1522 2781 2426 6601 3493 4191 9144 4780 8580 4071 4433 7439 9301 6537 321
468 1 3772 9321 6793 7216 3653 6181 1020 7357 2595 2444 3847 4222 9283 9086 7355 847 8907 673 3111
469 1 3772 9321 6793 7216 3653 6181 1020 7357 2595 2444 3847 4222 9283 9086 7355 847 8907 673 3111
470 8890 3581 6503 3820 9333 6269 4941 9674 1522 2781 2426 6601 3493 4191 9144 4780 8580 4071 4433 7439 9301 6537 2962
471 1 3772 9321 6793 7216 3653 6181 1020 7357 2595 2444 3847 4222 9283 9086 7355 847 8907 673 3111
472 8890 3581 6503 3820 9333 6269 4941 9674 1522 2781 2426 6601 3493 4191 9144 4780 8580 4071 4433 7439 9301 6537 2962
473 8890 3581 6503 3820 9333 6269 4941 9674 1522 2781 2426 6601 3493 4191 9144 4780 8580 4071 4433 7439 9301 6537 321
474 1 3772 9321 6793 7216 3653 6181 1020 7357 2595 2444 3847 4222 9283 9086 7355 847 8907 673 3111
475 1 3772 9321 6793 7216 3653 6181 1020 7357 2595 2444 3847 4222 9283 9086 7355 847 8907 673 3111
476 8890 3581 6503 3820 9333 6269 4941 9674 1522 2781 2426 6601 3493 4191 9144 4780 8580 4071 4433 7439 9301 6537 2962
477 1 3772 9321 6793 7216 3653 6181 1020 7357 2595 2444 3847 4222 9283 9086 7355 847 8907 673 3111
478 8890 3581 6503 3820 9333 6269 4941 9674 1522 2781 2426 6601 3493 4191 9144 4780 8580 4071 4433 7439 9301 6537 321
479 1 3772 9321 6793 7216 3653 6181 1020 7357 2595 2444 3847 4222 9283 9086 7355 847 8907 673 3111
480 1 3772 9321 6793 7216 3653 6181 1020 7357 2595 2444 3847 4222 9283 9086 7355 847 8907 673 3111
481 147 7389 5468 3888 9131 3563 7785 575 1333 7699 7105 6537 8387 7762 4035 321
482 1 3772 9321 6793 7216 3653 6181 1020 7357 2595 2444 3847 4222 9283 9086 7355 847 8907 673 3111
483 1 3772 9321 6793 7216 3653 6181 1020 7357 2595 2444 3847 4222 9283 9086 7355 847 8907 673 3111
484 8890 3581 6503 3820 9333 6269 4941 9674 1522 2781 2426 6601 3493 4191 9144 4780 8580 4071 4433 7439 9301 6537 2962
485 8890 3581 6503 3820 9333 6269 4941 9674 1522 2781 2426 6601 3493 4191 9144 4780 8580 4071 4433 7439 9301 6537 321
486 8890 3581 6503 3820 9333 6269 4941 9674 1522 2781 2426 6601 3493 4191 9144 4780 8580 4071 4433 7439 9301 6537 2962
487 8890 3581 6503 3820 9333 6269 4941 9674 1522 2781 2426 6601 3493 4191 9144 4780 8580 4071 4433 7439 9301 6537 321
488 1 3772 9321 6793 7216 3653 6181 1020 7357 2595 2444 3847 4222 9283 9086 7355 847 8907 673 3111
489 1 3772 9321 6793 7216 3653 6181 1020 7357 2595 2444 3847 4222 9283 9086 7355 847 8907 673 3111
490 8890 3581 6503 3820 9333 6269 4941 9674 1522 2781 2426 6601 3493 4191 9144 4780 8580 4071 4433 7439 9301 6537 2962
491 8890 3581 6503 3820 9333 6269 4941 9674 1522 2781 2426 6601 3493 4191 9144 4780 8580 4071 4433 7439 9301 6537 2962
492 1 3772 9321 6793 7216 3653 6181 1020 7357 2595 2444 3847 4222 9283 9086 7355 847 8907 673 3111
493 8890 3581 6503 3820 9333 6269 4941 9674 1522 2781 2426 6601 3493 4191 9144 4780 8580 4071 4433 7439 9301 6537 321
494 8890 3581 6503 3820 9333 6269 4941 9674 1522 2781 2426 6601 3493 4191 9144 4780 8580 4071 4433 7439 9301 6537 321
495 1 3772 9321 6793 7216 3653 6181 1020 7357 2595 2444 3847 4222 9283 9086 7355 847 8907 673 3111
496 8890 3581 6503 3820 9333 6269 4941 9674 1522 2781 2426 6601 3493 4191 9144 4780 8580 4071 4433 7439 9301 6537 2962
497 1 3772 9321 6793 7216 3653 6181 1020 7357 2595 2444 3847 4222 9283 9086 7355 847 8907 673 3111
498 1 3772 9321 6793 7216 3653 6181 1020 7357 2595 2444 3847 4222 9283 9086 7355 847 8907 673 3111
499 8890 3581 6503 3820 9333 6269 4941 9674 1522 2781 2426 6601 3493 4191 9144 4780 8580 4071 4433 7439 9301 6537 2