100
0 1024 5289 408 3552 1072 4840 9995 2182 2209 7339 7488 1775 440 6622 5518 3556 4393 6906 5136 5898 5718 9418 7483 8376 519 4111 4721 2487 6962 7470 2993 4566 7506 6808 3434 5943 5849 7588 6418 2014 5857 829 9500 7062 7281 1114 8136 1417 3278 6674 7599 3391 3858 2951 6854 7566 1065 2420 6153 96 7975 3783 6867 3325 4525 6537 8204 2584 6332 158 2016 6276 7475 5476 1042 7408 7796 2030 3747 6901 3096 6449 2542 1134 8265 8172 1911 4650 7304 9612 2946 8341 5562 5982 1077 9331 4934 3620 5893 629 3513 886 3201 5157
1 1024 5289 408 3552 1072 4840 9995 2182 2209 7339 7488 1775 440 6622 5518 3556 4393 6906 5136 5898 5718 9418 7483 8376 519 4111 4721 2487 6962 7470 2993 4566 7506 6808 3434 5943 5849 7588 6418 2014 5857 829 9500 7062 7281 1114 8136 1417 3278 6674 7599 3391 3858 2951 6854 7566 1065 2420 6153 96 7975 3783 6867 3325 4525 6537 8204 2584 6332 158 2016 6276 7475 5476 1042 7408 7796 2030 3747 6901 3096 6449 2542 1134 8265 8172 1911 4650 7304 9612 2946 8341 5562 5982 1077 9331 4934 3620 5893 629 3513 886 3201 5157
2 1024 5289 408 3552 1072 4840 9995 2182 2209 7339 7488 1775 440 6622 5518 3556 4393 6906 5136 5898 5718 9418 7483 8376 519 4111 4721 2487 6962 7470 2993 4566 7506 6808 3434 5943 5849 7588 6418 2014 5857 829 9500 7062 7281 1114 8136 1417 3278 6674 7599 3391 3858 2951 6854 7566 1065 2420 6153 96 7975 3783 6867 3325 4525 6537 8204 2584 6332 158 2016 6276 7475 5476 1042 7408 7796 2030 3747 6901 3096 6449 2542 1134 8265 8172 1911 4650 7304 9612 2946 8341 5562 5982 1077 9331 4934 3620 5893 629 3513 886 3201 5157
3 1024 5289 408 3552 1072 4840 9995 2182 2209 7339 7488 1775 440 6622 5518 3556 4393 6906 5136 5898 5718 9418 7483 8376 519 4111 4721 2487 6962 7470 2993 4566 7506 6808 3434 5943 5849 7588 6418 2014 5857 829 9500 7062 7281 1114 8136 1417 3278 6674 7599 3391 3858 2951 6854 7566 1065 2420 6153 96 7975 3783 6867 3325 4525 6537 8204 2584 6332 158 2016 6276 7475 5476 1042 7408 7796 2030 3747 6901 3096 6449 2542 1134 8265 8172 1911 4650 7304 9612 2946 8341 5562 5982 1077 9331 4934 3620 5893 629 3513 886 3201 5157
4 1024 5289 408 3552 1072 4840 9995 2182 2209 7339 7488 1775 440 6622 5518 3556 4393 6906 5136 5898 5718 9418 7483 8376 519 4111 4721 2487 6962 7470 2993 4566 7506 6808 3434 5943 5849 7588 6418 2014 5857 829 9500 7062 7281 1114 8136 1417 3278 6674 7599 3391 3858 2951 6854 7566 1065 2420 6153 96 7975 3783 6867 3325 4525 6537 8204 2584 6332 158 2016 6276 7475 5476 1042 7408 7796 2030 3747 6901 3096 6449 2542 1134 8265 8172 1911 4650 7304 9612 2946 8341 5562 5982 1077 9331 4934 3620 5893 629 3513 886 3201 5157
5 1024 5289 408 3552 1072 4840 9995 2182 2209 7339 7488 1775 440 6622 5518 3556 4393 6906 5136 5898 5718 9418 7483 8376 519 4111 4721 2487 6962 7470 2993 4566 7506 6808 3434 5943 5849 7588 6418 2014 5857 829 9500 7062 7281 1114 8136 1417 3278 6674 7599 3391 3858 2951 6854 7566 1065 2420 6153 96 7975 3783 6867 3325 4525 6537 8204 2584 6332 158 2016 6276 7475 5476 1042 7408 7796 2030 3747 6901 3096 6449 2542 1134 8265 8172 1911 4650 7304 9612 2946 8341 5562 5982 1077 9331 4934 3620 5893 629 3513 886 3201 5157
6 1024 5289 408 3552 1072 4840 9995 2182 2209 7339 7488 1775 440 6622 5518 3556 4393 6906 5136 5898 5718 9418 7483 8376 519 4111 4721 2487 6962 7470 2993 4566 7506 6808 3434 5943 5849 7588 6418 2014 5857 829 9500 7062 7281 1114 8136 1417 3278 6674 7599 3391 3858 2951 6854 7566 1065 2420 6153 96 7975 3783 6867 3325 4525 6537 8204 2584 6332 158 2016 6276 7475 5476 1042 7408 7796 2030 3747 6901 3096 6449 2542 1134 8265 8172 1911 4650 7304 9612 2946 8341 5562 5982 1077 9331 4934 3620 5893 629 3513 886 3201 5157
7 1024 5289 408 3552 1072 4840 9995 2182 2209 7339 7488 1775 440 6622 5518 3556 4393 6906 5136 5898 5718 9418 7483 8376 519 4111 4721 2487 6962 7470 2993 4566 7506 6808 3434 5943 5849 7588 6418 2014 5857 829 9500 7062 7281 1114 8136 1417 3278 6674 7599 3391 3858 2951 6854 7566 1065 2420 6153 96 7975 3783 6867 3325 4525 6537 8204 2584 6332 158 2016 6276 7475 5476 1042 7408 7796 2030 3747 6901 3096 6449 2542 1134 8265 8172 1911 4650 7304 9612 2946 8341 5562 5982 1077 9331 4934 3620 5893 629 3513 886 3201 5157
8 1024 5289 408 3552 1072 4840 9995 2182 2209 7339 7488 1775 440 6622 5518 3556 4393 6906 5136 5898 5718 9418 7483 8376 519 4111 4721 2487 6962 7470 2993 4566 7506 6808 3434 5943 5849 7588 6418 2014 5857 829 9500 7062 7281 1114 8136 1417 3278 6674 7599 3391 3858 2951 6854 7566 1065 2420 6153 96 7975 3783 6867 3325 4525 6537 8204 2584 6332 158 2016 6276 7475 5476 1042 7408 7796 2030 3747 6901 3096 6449 2542 1134 8265 8172 1911 4650 7304 9612 2946 8341 5562 5982 1077 9331 4934 3620 5893 629 3513 886 3201 5157
9 1024 5289 408 3552 1072 4840 9995 2182 2209 7339 7488 1775 440 6622 5518 3556 4393 6906 5136 5898 5718 9418 7483 8376 519 4111 4721 2487 6962 7470 2993 4566 7506 6808 3434 5943 5849 7588 6418 2014 5857 829 9500 7062 7281 1114 8136 1417 3278 6674 7599 3391 3858 2951 6854 7566 1065 2420 6153 96 7975 3783 6867 3325 4525 6537 8204 2584 6332 158 2016 6276 7475 5476 1042 7408 7796 2030 3747 6901 3096 6449 2542 1134 8265 8172 1911 4650 7304 9612 2946 8341 5562 5982 1077 9331 4934 3620 5893 629 3513 886 3201 5157
10 1024 5289 408 3552 1072 4840 9995 2182 2209 7339 7488 1775 440 6622 5518 3556 4393 6906 5136 5898 5718 9418 7483 8376 519 4111 4721 2487 6962 7470 2993 4566 7506 6808 3434 5943 5849 7588 6418 2014 5857 829 9500 7062 7281 1114 8136 1417 3278 6674 7599 3391 3858 2951 6854 7566 1065 2420 6153 96 7975 3783 6867 3325 4525 6537 8204 2584 6332 158 2016 6276 7475 5476 1042 7408 7796 2030 3747 6901 3096 6449 2542 1134 8265 8172 1911 4650 7304 9612 2946 8341 5562 5982 1077 9331 4934 3620 5893 629 3513 886 3201 5157
11 1024 5289 408 3552 1072 4840 9995 2182 2209 7339 7488 1775 440 6622 5518 3556 4393 6906 5136 5898 5718 9418 7483 8376 519 4111 4721 2487 6962 7470 2993 4566 7506 6808 3434 5943 5849 7588 6418 2014 5857 829 9500 7062 7281 1114 8136 1417 3278 6674 7599 3391 3858 2951 6854 7566 1065 2420 6153 96 7975 3783 6867 3325 4525 6537 8204 2584 6332 158 2016 6276 7475 5476 1042 7408 7796 2030 3747 6901 3096 6449 2542 1134 8265 8172 1911 4650 7304 9612 2946 8341 5562 5982 1077 9331 4934 3620 5893 629 3513 886 3201 5157
12 1024 5289 408 3552 1072 4840 9995 2182 2209 7339 7488 1775 440 6622 5518 3556 4393 6906 5136 5898 5718 9418 7483 8376 519 4111 4721 2487 6962 7470 2993 4566 7506 6808 3434 5943 5849 7588 6418 2014 5857 829 9500 7062 7281 1114 8136 1417 3278 6674 7599 3391 3858 2951 6854 7566 1065 2420 6153 96 7975 3783 6867 3325 4525 6537 8204 2584 6332 158 2016 6276 7475 5476 1042 7408 7796 2030 3747 6901 3096 6449 2542 1134 8265 8172 1911 4650 7304 9612 2946 8341 5562 5982 1077 9331 4934 3620 5893 629 3513 886 3201 5157
13 1024 5289 408 3552 1072 4840 9995 2182 2209 7339 7488 1775 440 6622 5518 3556 4393 6906 5136 5898 5718 9418 7483 8376 519 4111 4721 2487 6962 7470 2993 4566 7506 6808 3434 5943 5849 7588 6418 2014 5857 829 9500 7062 7281 1114 8136 1417 3278 6674 7599 3391 3858 2951 6854 7566 1065 2420 6153 96 7975 3783 6867 3325 4525 6537 8204 2584 6332 158 2016 6276 7475 5476 1042 7408 7796 2030 3747 6901 3096 6449 2542 1134 8265 8172 1911 4650 7304 9612 2946 8341 5562 5982 1077 9331 4934 3620 5893 629 3513 886 3201 5157
14 1024 5289 408 3552 1072 4840 9995 2182 2209 7339 7488 1775 440 6622 5518 3556 4393 6906 5136 5898 5718 9418 7483 8376 519 4111 4721 2487 6962 7470 2993 4566 7506 6808 3434 5943 5849 7588 6418 2014 5857 829 9500 7062 7281 1114 8136 1417 3278 6674 7599 3391 3858 2951 6854 7566 1065 2420 6153 96 7975 3783 6867 3325 4525 6537 8204 2584 6332 158 2016 6276 7475 5476 1042 7408 7796 2030 3747 6901 3096 6449 2542 1134 8265 8172 1911 4650 7304 9612 2946 8341 5562 5982 1077 9331 4934 3620 5893 629 3513 886 3201 5157
15 1024 5289 408 3552 1072 4840 9995 2182 2209 7339 7488 1775 440 6622 5518 3556 4393 6906 5136 5898 5718 9418 7483 8376 519 4111 4721 2487 6962 7470 2993 4566 7506 6808 3434 5943 5849 7588 6418 2014 5857 829 9500 7062 7281 1114 8136 1417 3278 6674 7599 3391 3858 2951 6854 7566 1065 2420 6153 96 7975 3783 6867 3325 4525 6537 8204 2584 6332 158 2016 6276 7475 5476 1042 7408 7796 2030 3747 6901 3096 6449 2542 1134 8265 8172 1911 4650 7304 9612 2946 8341 5562 5982 1077 9331 4934 3620 5893 629 3513 886 3201 5157
16 1024 5289 408 3552 1072 4840 9995 2182 2209 7339 7488 1775 440 6622 5518 3556 4393 6906 5136 5898 5718 9418 7483 8376 519 4111 4721 2487 6962 7470 2993 4566 7506 6808 3434 5943 5849 7588 6418 2014 5857 829 9500 7062 7281 1114 8136 1417 3278 6674 7599 3391 3858 2951 6854 7566 1065 2420 6153 96 7975 3783 6867 3325 4525 6537 8204 2584 6332 158 2016 6276 7475 5476 1042 7408 7796 2030 3747 6901 3096 6449 2542 1134 8265 8172 1911 4650 7304 9612 2946 8341 5562 5982 1077 9331 4934 3620 5893 629 3513 886 3201 5157
17 1024 5289 408 3552 1072 4840 9995 2182 2209 7339 7488 1775 440 6622 5518 3556 4393 6906 5136 5898 5718 9418 7483 8376 519 4111 4721 2487 6962 7470 2993 4566 7506 6808 3434 5943 5849 7588 6418 2014 5857 829 9500 7062 7281 1114 8136 1417 3278 6674 7599 3391 3858 2951 6854 7566 1065 2420 6153 96 7975 3783 6867 3325 4525 6537 8204 2584 6332 158 2016 6276 7475 5476 1042 7408 7796 2030 3747 6901 3096 6449 2542 1134 8265 8172 1911 4650 7304 9612 2946 8341 5562 5982 1077 9331 4934 3620 5893 629 3513 886 3201 5157
18 1024 5289 408 3552 1072 4840 9995 2182 2209 7339 7488 1775 440 6622 5518 3556 4393 6906 5136 5898 5718 9418 7483 8376 519 4111 4721 2487 6962 7470 2993 4566 7506 6808 3434 5943 5849 7588 6418 2014 5857 829 9500 7062 7281 1114 8136 1417 3278 6674 7599 3391 3858 2951 6854 7566 1065 2420 6153 96 7975 3783 6867 3325 4525 6537 8204 2584 6332 158 2016 6276 7475 5476 1042 7408 7796 2030 3747 6901 3096 6449 2542 1134 8265 8172 1911 4650 7304 9612 2946 8341 5562 5982 1077 9331 4934 3620 5893 629 3513 886 3201 5157
19 1024 5289 408 3552 1072 4840 9995 2182 2209 7339 7488 1775 440 6622 5518 3556 4393 6906 5136 5898 5718 9418 7483 8376 519 4111 4721 2487 6962 7470 2993 4566 7506 6808 3434 5943 5849 7588 6418 2014 5857 829 9500 7062 7281 1114 8136 1417 3278 6674 7599 3391 3858 2951 6854 7566 1065 2420 6153 96 7975 3783 6867 3325 4525 6537 8204 2584 6332 158 2016 6276 7475 5476 1042 7408 7796 2030 3747 6901 3096 6449 2542 1134 8265 8172 1911 4650 7304 9612 2946 8341 5562 5982 1077 9331 4934 3620 5893 629 3513 886 3201 5157
20 1024 5289 408 3552 1072 4840 9995 2182 2209 7339 7488 1775 440 6622 5518 3556 4393 6906 5136 5898 5718 9418 7483 8376 519 4111 4721 2487 6962 7470 2993 4566 7506 6808 3434 5943 5849 7588 6418 2014 5857 829 9500 7062 7281 1114 8136 1417 3278 6674 7599 3391 3858 2951 6854 7566 1065 2420 6153 96 7975 3783 6867 3325 4525 6537 8204 2584 6332 158 2016 6276 7475 5476 1042 7408 7796 2030 3747 6901 3096 6449 2542 1134 8265 8172 1911 4650 7304 9612 2946 8341 5562 5982 1077 9331 4934 3620 5893 629 3513 886 3201 5157
21 1024 5289 408 3552 1072 4840 9995 2182 2209 7339 7488 1775 440 6622 5518 3556 4393 6906 5136 5898 5718 9418 7483 8376 519 4111 4721 2487 6962 7470 2993 4566 7506 6808 3434 5943 5849 7588 6418 2014 5857 829 9500 7062 7281 1114 8136 1417 3278 6674 7599 3391 3858 2951 6854 7566 1065 2420 6153 96 7975 3783 6867 3325 4525 6537 8204 2584 6332 158 2016 6276 7475 5476 1042 7408 7796 2030 3747 6901 3096 6449 2542 1134 8265 8172 1911 4650 7304 9612 2946 8341 5562 5982 1077 9331 4934 3620 5893 629 3513 886 3201 5157
22 1024 5289 408 3552 1072 4840 9995 2182 2209 7339 7488 1775 440 6622 5518 3556 4393 6906 5136 5898 5718 9418 7483 8376 519 4111 4721 2487 6962 7470 2993 4566 7506 6808 3434 5943 5849 7588 6418 2014 5857 829 9500 7062 7281 1114 8136 1417 3278 6674 7599 3391 3858 2951 6854 7566 1065 2420 6153 96 7975 3783 6867 3325 4525 6537 8204 2584 6332 158 2016 6276 7475 5476 1042 7408 7796 2030 3747 6901 3096 6449 2542 1134 8265 8172 1911 4650 7304 9612 2946 8341 5562 5982 1077 9331 4934 3620 5893 629 3513 886 3201 5157
23 1024 5289 408 3552 1072 4840 9995 2182 2209 7339 7488 1775 440 6622 5518 3556 4393 6906 5136 5898 5718 9418 7483 8376 519 4111 4721 2487 6962 7470 2993 4566 7506 6808 3434 5943 5849 7588 6418 2014 5857 829 9500 7062 7281 1114 8136 1417 3278 6674 7599 3391 3858 2951 6854 7566 1065 2420 6153 96 7975 3783 6867 3325 4525 6537 8204 2584 6332 158 2016 6276 7475 5476 1042 7408 7796 2030 3747 6901 3096 6449 2542 1134 8265 8172 1911 4650 7304 9612 2946 8341 5562 5982 1077 9331 4934 3620 5893 629 3513 886 3201 5157
24 1024 5289 408 3552 1072 4840 9995 2182 2209 7339 7488 1775 440 6622 5518 3556 4393 6906 5136 5898 5718 9418 7483 8376 519 4111 4721 2487 6962 7470 2993 4566 7506 6808 3434 5943 5849 7588 6418 2014 5857 829 9500 7062 7281 1114 8136 1417 3278 6674 7599 3391 3858 2951 6854 7566 1065 2420 6153 96 7975 3783 6867 3325 4525 6537 8204 2584 6332 158 2016 6276 7475 5476 1042 7408 7796 2030 3747 6901 3096 6449 2542 1134 8265 8172 1911 4650 7304 9612 2946 8341 5562 5982 1077 9331 4934 3620 5893 629 3513 886 3201 5157
25 1024 5289 408 3552 1072 4840 9995 2182 2209 7339 7488 1775 440 6622 5518 3556 4393 6906 5136 5898 5718 9418 7483 8376 519 4111 4721 2487 6962 7470 2993 4566 7506 6808 3434 5943 5849 7588 6418 2014 5857 829 9500 7062 7281 1114 8136 1417 3278 6674 7599 3391 3858 2951 6854 7566 1065 2420 6153 96 7975 3783 6867 3325 4525 6537 8204 2584 6332 158 2016 6276 7475 5476 1042 7408 7796 2030 3747 6901 3096 6449 2542 1134 8265 8172 1911 4650 7304 9612 2946 8341 5562 5982 1077 9331 4934 3620 5893 629 3513 886 3201 5157
26 1024 5289 408 3552 1072 4840 9995 2182 2209 7339 7488 1775 440 6622 5518 3556 4393 6906 5136 5898 5718 9418 7483 8376 519 4111 4721 2487 6962 7470 2993 4566 7506 6808 3434 5943 5849 7588 6418 2014 5857 829 9500 7062 7281 1114 8136 1417 3278 6674 7599 3391 3858 2951 6854 7566 1065 2420 6153 96 7975 3783 6867 3325 4525 6537 8204 2584 6332 158 2016 6276 7475 5476 1042 7408 7796 2030 3747 6901 3096 6449 2542 1134 8265 8172 1911 4650 7304 9612 2946 8341 5562 5982 1077 9331 4934 3620 5893 629 3513 886 3201 5157
27 1024 5289 408 3552 1072 4840 9995 2182 2209 7339 7488 1775 440 6622 5518 3556 4393 6906 5136 5898 5718 9418 7483 8376 519 4111 4721 2487 6962 7470 2993 4566 7506 6808 3434 5943 5849 7588 6418 2014 5857 829 9500 7062 7281 1114 8136 1417 3278 6674 7599 3391 3858 2951 6854 7566 1065 2420 6153 96 7975 3783 6867 3325 4525 6537 8204 2584 6332 158 2016 6276 7475 5476 1042 7408 7796 2030 3747 6901 3096 6449 2542 1134 8265 8172 1911 4650 7304 9612 2946 8341 5562 5982 1077 9331 4934 3620 5893 629 3513 886 3201 5157
28 1024 5289 408 3552 1072 4840 9995 2182 2209 7339 7488 1775 440 6622 5518 3556 4393 6906 5136 5898 5718 9418 7483 8376 519 4111 4721 2487 6962 7470 2993 4566 7506 6808 3434 5943 5849 7588 6418 2014 5857 829 9500 7062 7281 1114 8136 1417 3278 6674 7599 3391 3858 2951 6854 7566 1065 2420 6153 96 7975 3783 6867 3325 4525 6537 8204 2584 6332 158 2016 6276 7475 5476 1042 7408 7796 2030 3747 6901 3096 6449 2542 1134 8265 8172 1911 4650 7304 9612 2946 8341 5562 5982 1077 9331 4934 3620 5893 629 3513 886 3201 5157
29 1024 5289 408 3552 1072 4840 9995 2182 2209 7339 7488 1775 440 6622 5518 3556 4393 6906 5136 5898 5718 9418 7483 8376 519 4111 4721 2487 6962 7470 2993 4566 7506 6808 3434 5943 5849 7588 6418 2014 5857 829 9500 7062 7281 1114 8136 1417 3278 6674 7599 3391 3858 2951 6854 7566 1065 2420 6153 96 7975 3783 6867 3325 4525 6537 8204 2584 6332 158 2016 6276 7475 5476 1042 7408 7796 2030 3747 6901 3096 6449 2542 1134 8265 8172 1911 4650 7304 9612 2946 8341 5562 5982 1077 9331 4934 3620 5893 629 3513 886 3201 5157
30 1024 5289 408 3552 1072 4840 9995 2182 2209 7339 7488 1775 440 6622 5518 3556 4393 6906 5136 5898 5718 9418 7483 8376 519 4111 4721 2487 6962 7470 2993 4566 7506 6808 3434 5943 5849 7588 6418 2014 5857 829 9500 7062 7281 1114 8136 1417 3278 6674 7599 3391 3858 2951 6854 7566 1065 2420 6153 96 7975 3783 6867 3325 4525 6537 8204 2584 6332 158 2016 6276 7475 5476 1042 7408 7796 2030 3747 6901 3096 6449 2542 1134 8265 8172 1911 4650 7304 9612 2946 8341 5562 5982 1077 9331 4934 3620 5893 629 3513 886 3201 5157
31 1024 5289 408 3552 1072 4840 9995 2182 2209 7339 7488 1775 440 6622 5518 3556 4393 6906 5136 5898 5718 9418 7483 8376 519 4111 4721 2487 6962 7470 2993 4566 7506 6808 3434 5943 5849 7588 6418 2014 5857 829 9500 7062 7281 1114 8136 1417 3278 6674 7599 3391 3858 2951 6854 7566 1065 2420 6153 96 7975 3783 6867 3325 4525 6537 8204 2584 6332 158 2016 6276 7475 5476 1042 7408 7796 2030 3747 6901 3096 6449 2542 1134 8265 8172 1911 4650 7304 9612 2946 8341 5562 5982 1077 9331 4934 3620 5893 629 3513 886 3201 5157
32 1024 5289 408 3552 1072 4840 9995 2182 2209 7339 7488 1775 440 6622 5518 3556 4393 6906 5136 5898 5718 9418 7483 8376 519 4111 4721 2487 6962 7470 2993 4566 7506 6808 3434 5943 5849 7588 6418 2014 5857 829 9500 7062 7281 1114 8136 1417 3278 6674 7599 3391 3858 2951 6854 7566 1065 2420 6153 96 7975 3783 6867 3325 4525 6537 8204 2584 6332 158 2016 6276 7475 5476 1042 7408 7796 2030 3747 6901 3096 6449 2542 1134 8265 8172 1911 4650 7304 9612 2946 8341 5562 5982 1077 9331 4934 3620 5893 629 3513 886 3201 5157
33 1024 5289 408 3552 1072 4840 9995 2182 2209 7339 7488 1775 440 6622 5518 3556 4393 6906 5136 5898 5718 9418 7483 8376 519 4111 4721 2487 6962 7470 2993 4566 7506 6808 3434 5943 5849 7588 6418 2014 5857 829 9500 7062 7281 1114 8136 1417 3278 6674 7599 3391 3858 2951 6854 7566 1065 2420 6153 96 7975 3783 6867 3325 4525 6537 8204 2584 6332 158 2016 6276 7475 5476 1042 7408 7796 2030 3747 6901 3096 6449 2542 1134 8265 8172 1911 4650 7304 9612 2946 8341 5562 5982 1077 9331 4934 3620 5893 629 3513 886 3201 5157
34 1024 5289 408 3552 1072 4840 9995 2182 2209 7339 7488 1775 440 6622 5518 3556 4393 6906 5136 5898 5718 9418 7483 8376 519 4111 4721 2487 6962 7470 2993 4566 7506 6808 3434 5943 5849 7588 6418 2014 5857 829 9500 7062 7281 1114 8136 1417 3278 6674 7599 3391 3858 2951 6854 7566 1065 2420 6153 96 7975 3783 6867 3325 4525 6537 8204 2584 6332 158 2016 6276 7475 5476 1042 7408 7796 2030 3747 6901 3096 6449 2542 1134 8265 8172 1911 4650 7304 9612 2946 8341 5562 5982 1077 9331 4934 3620 5893 629 3513 886 3201 5157
35 1024 5289 408 3552 1072 4840 9995 2182 2209 7339 7488 1775 440 6622 5518 3556 4393 6906 5136 5898 5718 9418 7483 8376 519 4111 4721 2487 6962 7470 2993 4566 7506 6808 3434 5943 5849 7588 6418 2014 5857 829 9500 7062 7281 1114 8136 1417 3278 6674 7599 3391 3858 2951 6854 7566 1065 2420 6153 96 7975 3783 6867 3325 4525 6537 8204 2584 6332 158 2016 6276 7475 5476 1042 7408 7796 2030 3747 6901 3096 6449 2542 1134 8265 8172 1911 4650 7304 9612 2946 8341 5562 5982 1077 9331 4934 3620 5893 629 3513 886 3201 5157
36 1024 5289 408 3552 1072 4840 9995 2182 2209 7339 7488 1775 440 6622 5518 3556 4393 6906 5136 5898 5718 9418 7483 8376 519 4111 4721 2487 6962 7470 2993 4566 7506 6808 3434 5943 5849 7588 6418 2014 5857 829 9500 7062 7281 1114 8136 1417 3278 6674 7599 3391 3858 2951 6854 7566 1065 2420 6153 96 7975 3783 6867 3325 4525 6537 8204 2584 6332 158 2016 6276 7475 5476 1042 7408 7796 2030 3747 6901 3096 6449 2542 1134 8265 8172 1911 4650 7304 9612 2946 8341 5562 5982 1077 9331 4934 3620 5893 629 3513 886 3201 5157
37 1024 5289 408 3552 1072 4840 9995 2182 2209 7339 7488 1775 440 6622 5518 3556 4393 6906 5136 5898 5718 9418 7483 8376 519 4111 4721 2487 6962 7470 2993 4566 7506 6808 3434 5943 5849 7588 6418 2014 5857 829 9500 7062 7281 1114 8136 1417 3278 6674 7599 3391 3858 2951 6854 7566 1065 2420 6153 96 7975 3783 6867 3325 4525 6537 8204 2584 6332 158 2016 6276 7475 5476 1042 7408 7796 2030 3747 6901 3096 6449 2542 1134 8265 8172 1911 4650 7304 9612 2946 8341 5562 5982 1077 9331 4934 3620 5893 629 3513 886 3201 5157
38 1024 5289 408 3552 1072 4840 9995 2182 2209 7339 7488 1775 440 6622 5518 3556 4393 6906 5136 5898 5718 9418 7483 8376 519 4111 4721 2487 6962 7470 2993 4566 7506 6808 3434 5943 5849 7588 6418 2014 5857 829 9500 7062 7281 1114 8136 1417 3278 6674 7599 3391 3858 2951 6854 7566 1065 2420 6153 96 7975 3783 6867 3325 4525 6537 8204 2584 6332 158 2016 6276 7475 5476 1042 7408 7796 2030 3747 6901 3096 6449 2542 1134 8265 8172 1911 4650 7304 9612 2946 8341 5562 5982 1077 9331 4934 3620 5893 629 3513 886 3201 5157
39 1024 5289 408 3552 1072 4840 9995 2182 2209 7339 7488 1775 440 6622 5518 3556 4393 6906 5136 5898 5718 9418 7483 8376 519 4111 4721 2487 6962 7470 2993 4566 7506 6808 3434 5943 5849 7588 6418 2014 5857 829 9500 7062 7281 1114 8136 1417 3278 6674 7599 3391 3858 2951 6854 7566 1065 2420 6153 96 7975 3783 6867 3325 4525 6537 8204 2584 6332 158 2016 6276 7475 5476 1042 7408 7796 2030 3747 6901 3096 6449 2542 1134 8265 8172 1911 4650 7304 9612 2946 8341 5562 5982 1077 9331 4934 3620 5893 629 3513 886 3201 5157
40 1024 5289 408 3552 1072 4840 9995 2182 2209 7339 7488 1775 440 6622 5518 3556 4393 6906 5136 5898 5718 9418 7483 8376 519 4111 4721 2487 6962 7470 2993 4566 7506 6808 3434 5943 5849 7588 6418 2014 5857 829 9500 7062 7281 1114 8136 1417 3278 6674 7599 3391 3858 2951 6854 7566 1065 2420 6153 96 7975 3783 6867 3325 4525 6537 8204 2584 6332 158 2016 6276 7475 5476 1042 7408 7796 2030 3747 6901 3096 6449 2542 1134 8265 8172 1911 4650 7304 9612 2946 8341 5562 5982 1077 9331 4934 3620 5893 629 3513 886 3201 5157
41 1024 5289 408 3552 1072 4840 9995 2182 2209 7339 7488 1775 440 6622 5518 3556 4393 6906 5136 5898 5718 9418 7483 8376 519 4111 4721 2487 6962 7470 2993 4566 7506 6808 3434 5943 5849 7588 6418 2014 5857 829 9500 7062 7281 1114 8136 1417 3278 6674 7599 3391 3858 2951 6854 7566 1065 2420 6153 96 7975 3783 6867 3325 4525 6537 8204 2584 6332 158 2016 6276 7475 5476 1042 7408 7796 2030 3747 6901 3096 6449 2542 1134 8265 8172 1911 4650 7304 9612 2946 8341 5562 5982 1077 9331 4934 3620 5893 629 3513 886 3201 5157
42 1024 5289 408 3552 1072 4840 9995 2182 2209 7339 7488 1775 440 6622 5518 3556 4393 6906 5136 5898 5718 9418 7483 8376 519 4111 4721 2487 6962 7470 2993 4566 7506 6808 3434 5943 5849 7588 6418 2014 5857 829 9500 7062 7281 1114 8136 1417 3278 6674 7599 3391 3858 2951 6854 7566 1065 2420 6153 96 7975 3783 6867 3325 4525 6537 8204 2584 6332 158 2016 6276 7475 5476 1042 7408 7796 2030 3747 6901 3096 6449 2542 1134 8265 8172 1911 4650 7304 9612 2946 8341 5562 5982 1077 9331 4934 3620 5893 629 3513 886 3201 5157
43 1024 5289 408 3552 1072 4840 9995 2182 2209 7339 7488 1775 440 6622 5518 3556 4393 6906 5136 5898 5718 9418 7483 8376 519 4111 4721 2487 6962 7470 2993 4566 7506 6808 3434 5943 5849 7588 6418 2014 5857 829 9500 7062 7281 1114 8136 1417 3278 6674 7599 3391 3858 2951 6854 7566 1065 2420 6153 96 7975 3783 6867 3325 4525 6537 8204 2584 6332 158 2016 6276 7475 5476 1042 7408 7796 2030 3747 6901 3096 6449 2542 1134 8265 8172 1911 4650 7304 9612 2946 8341 5562 5982 1077 9331 4934 3620 5893 629 3513 886 3201 5157
44 1024 5289 408 3552 1072 4840 9995 2182 2209 7339 7488 1775 440 6622 5518 3556 4393 6906 5136 5898 5718 9418 7483 8376 519 4111 4721 2487 6962 7470 2993 4566 7506 6808 3434 5943 5849 7588 6418 2014 5857 829 9500 7062 7281 1114 8136 1417 3278 6674 7599 3391 3858 2951 6854 7566 1065 2420 6153 96 7975 3783 6867 3325 4525 6537 8204 2584 6332 158 2016 6276 7475 5476 1042 7408 7796 2030 3747 6901 3096 6449 2542 1134 8265 8172 1911 4650 7304 9612 2946 8341 5562 5982 1077 9331 4934 3620 5893 629 3513 886 3201 5157
45 1024 5289 408 3552 1072 4840 9995 2182 2209 7339 7488 1775 440 6622 5518 3556 4393 6906 5136 5898 5718 9418 7483 8376 519 4111 4721 2487 6962 7470 2993 4566 7506 6808 3434 5943 5849 7588 6418 2014 5857 829 9500 7062 7281 1114 8136 1417 3278 6674 7599 3391 3858 2951 6854 7566 1065 2420 6153 96 7975 3783 6867 3325 4525 6537 8204 2584 6332 158 2016 6276 7475 5476 1042 7408 7796 2030 3747 6901 3096 6449 2542 1134 8265 8172 1911 4650 7304 9612 2946 8341 5562 5982 1077 9331 4934 3620 5893 629 3513 886 3201 5157
46 1024 5289 408 3552 1072 4840 9995 2182 2209 7339 7488 1775 440 6622 5518 3556 4393 6906 5136 5898 5718 9418 7483 8376 519 4111 4721 2487 6962 7470 2993 4566 7506 6808 3434 5943 5849 7588 6418 2014 5857 829 9500 7062 7281 1114 8136 1417 3278 6674 7599 3391 3858 2951 6854 7566 1065 2420 6153 96 7975 3783 6867 3325 4525 6537 8204 2584 6332 158 2016 6276 7475 5476 1042 7408 7796 2030 3747 6901 3096 6449 2542 1134 8265 8172 1911 4650 7304 9612 2946 8341 5562 5982 1077 9331 4934 3620 5893 629 3513 886 3201 5157
47 1024 5289 408 3552 1072 4840 9995 2182 2209 7339 7488 1775 440 6622 5518 3556 4393 6906 5136 5898 5718 9418 7483 8376 519 4111 4721 2487 6962 7470 2993 4566 7506 6808 3434 5943 5849 7588 6418 2014 5857 829 9500 7062 7281 1114 8136 1417 3278 6674 7599 3391 3858 2951 6854 7566 1065 2420 6153 96 7975 3783 6867 3325 4525 6537 8204 2584 6332 158 2016 6276 7475 5476 1042 7408 7796 2030 3747 6901 3096 6449 2542 1134 8265 8172 1911 4650 7304 9612 2946 8341 5562 5982 1077 9331 4934 3620 5893 629 3513 886 3201 5157
48 1024 5289 408 3552 1072 4840 9995 2182 2209 7339 7488 1775 440 6622 5518 3556 4393 6906 5136 5898 5718 9418 7483 8376 519 4111 4721 2487 6962 7470 2993 4566 7506 6808 3434 5943 5849 7588 6418 2014 5857 829 9500 7062 7281 1114 8136 1417 3278 6674 7599 3391 3858 2951 6854 7566 1065 2420 6153 96 7975 3783 6867 3325 4525 6537 8204 2584 6332 158 2016 6276 7475 5476 1042 7408 7796 2030 3747 6901 3096 6449 2542 1134 8265 8172 1911 4650 7304 9612 2946 8341 5562 5982 1077 9331 4934 3620 5893 629 3513 886 3201 5157
49 1024 5289 408 3552 1072 4840 9995 2182 2209 7339 7488 1775 440 6622 5518 3556 4393 6906 5136 5898 5718 9418 7483 8376 519 4111 4721 2487 6962 7470 2993 4566 7506 6808 3434 5943 5849 7588 6418 2014 5857 829 9500 7062 7281 1114 8136 1417 3278 6674 7599 3391 3858 2951 6854 7566 1065 2420 6153 96 7975 3783 6867 3325 4525 6537 8204 2584 6332 158 2016 6276 7475 5476 1042 7408 7796 2030 3747 6901 3096 6449 2542 1134 8265 8172 1911 4650 7304 9612 2946 8341 5562 5982 1077 9331 4934 3620 5893 629 3513 886 3201 5157
50 1024 5289 408 3552 1072 4840 9995 2182 2209 7339 7488 1775 440 6622 5518 3556 4393 6906 5136 5898 5718 9418 7483 8376 519 4111 4721 2487 6962 7470 2993 4566 7506 6808 3434 5943 5849 7588 6418 2014 5857 829 9500 7062 7281 1114 8136 1417 3278 6674 7599 3391 3858 2951 6854 7566 1065 2420 6153 96 7975 3783 6867 3325 4525 6537 8204 2584 6332 158 2016 6276 7475 5476 1042 7408 7796 2030 3747 6901 3096 6449 2542 1134 8265 8172 1911 4650 7304 9612 2946 8341 5562 5982 1077 9331 4934 3620 5893 629 3513 886 3201 5157
51 1024 5289 408 3552 1072 4840 9995 2182 2209 7339 7488 1775 440 6622 5518 3556 4393 6906 5136 5898 5718 9418 7483 8376 519 4111 4721 2487 6962 7470 2993 4566 7506 6808 3434 5943 5849 7588 6418 2014 5857 829 9500 7062 7281 1114 8136 1417 3278 6674 7599 3391 3858 2951 6854 7566 1065 2420 6153 96 7975 3783 6867 3325 4525 6537 8204 2584 6332 158 2016 6276 7475 5476 1042 7408 7796 2030 3747 6901 3096 6449 2542 1134 8265 8172 1911 4650 7304 9612 2946 8341 5562 5982 1077 9331 4934 3620 5893 629 3513 886 3201 5157
52 1024 5289 408 3552 1072 4840 9995 2182 2209 7339 7488 1775 440 6622 5518 3556 4393 6906 5136 5898 5718 9418 7483 8376 519 4111 4721 2487 6962 7470 2993 4566 7506 6808 3434 5943 5849 7588 6418 2014 5857 829 9500 7062 7281 1114 8136 1417 3278 6674 7599 3391 3858 2951 6854 7566 1065 2420 6153 96 7975 3783 6867 3325 4525 6537 8204 2584 6332 158 2016 6276 7475 5476 1042 7408 7796 2030 3747 6901 3096 6449 2542 1134 8265 8172 1911 4650 7304 9612 2946 8341 5562 5982 1077 9331 4934 3620 5893 629 3513 886 3201 5157
53 1024 5289 408 3552 1072 4840 9995 2182 2209 7339 7488 1775 440 6622 5518 3556 4393 6906 5136 5898 5718 9418 7483 8376 519 4111 4721 2487 6962 7470 2993 4566 7506 6808 3434 5943 5849 7588 6418 2014 5857 829 9500 7062 7281 1114 8136 1417 3278 6674 7599 3391 3858 2951 6854 7566 1065 2420 6153 96 7975 3783 6867 3325 4525 6537 8204 2584 6332 158 2016 6276 7475 5476 1042 7408 7796 2030 3747 6901 3096 6449 2542 1134 8265 8172 1911 4650 7304 9612 2946 8341 5562 5982 1077 9331 4934 3620 5893 629 3513 886 3201 5157
54 1024 5289 408 3552 1072 4840 9995 2182 2209 7339 7488 1775 440 6622 5518 3556 4393 6906 5136 5898 5718 9418 7483 8376 519 4111 4721 2487 6962 7470 2993 4566 7506 6808 3434 5943 5849 7588 6418 2014 5857 829 9500 7062 7281 1114 8136 1417 3278 6674 7599 3391 3858 2951 6854 7566 1065 2420 6153 96 7975 3783 6867 3325 4525 6537 8204 2584 6332 158 2016 6276 7475 5476 1042 7408 7796 2030 3747 6901 3096 6449 2542 1134 8265 8172 1911 4650 7304 9612 2946 8341 5562 5982 1077 9331 4934 3620 5893 629 3513 886 3201 5157
55 1024 5289 408 3552 1072 4840 9995 2182 2209 7339 7488 1775 440 6622 5518 3556 4393 6906 5136 5898 5718 9418 7483 8376 519 4111 4721 2487 6962 7470 2993 4566 7506 6808 3434 5943 5849 7588 6418 2014 5857 829 9500 7062 7281 1114 8136 1417 3278 6674 7599 3391 3858 2951 6854 7566 1065 2420 6153 96 7975 3783 6867 3325 4525 6537 8204 2584 6332 158 2016 6276 7475 5476 1042 7408 7796 2030 3747 6901 3096 6449 2542 1134 8265 8172 1911 4650 7304 9612 2946 8341 5562 5982 1077 9331 4934 3620 5893 629 3513 886 3201 5157
56 1024 5289 408 3552 1072 4840 9995 2182 2209 7339 7488 1775 440 6622 5518 3556 4393 6906 5136 5898 5718 9418 7483 8376 519 4111 4721 2487 6962 7470 2993 4566 7506 6808 3434 5943 5849 7588 6418 2014 5857 829 9500 7062 7281 1114 8136 1417 3278 6674 7599 3391 3858 2951 6854 7566 1065 2420 6153 96 7975 3783 6867 3325 4525 6537 8204 2584 6332 158 2016 6276 7475 5476 1042 7408 7796 2030 3747 6901 3096 6449 2542 1134 8265 8172 1911 4650 7304 9612 2946 8341 5562 5982 1077 9331 4934 3620 5893 629 3513 886 3201 5157
57 1024 5289 408 3552 1072 4840 9995 2182 2209 7339 7488 1775 440 6622 5518 3556 4393 6906 5136 5898 5718 9418 7483 8376 519 4111 4721 2487 6962 7470 2993 4566 7506 6808 3434 5943 5849 7588 6418 2014 5857 829 9500 7062 7281 1114 8136 1417 3278 6674 7599 3391 3858 2951 6854 7566 1065 2420 6153 96 7975 3783 6867 3325 4525 6537 8204 2584 6332 158 2016 6276 7475 5476 1042 7408 7796 2030 3747 6901 3096 6449 2542 1134 8265 8172 1911 4650 7304 9612 2946 8341 5562 5982 1077 9331 4934 3620 5893 629 3513 886 3201 5157
58 1024 5289 408 3552 1072 4840 9995 2182 2209 7339 7488 1775 440 6622 5518 3556 4393 6906 5136 5898 5718 9418 7483 8376 519 4111 4721 2487 6962 7470 2993 4566 7506 6808 3434 5943 5849 7588 6418 2014 5857 829 9500 7062 7281 1114 8136 1417 3278 6674 7599 3391 3858 2951 6854 7566 1065 2420 6153 96 7975 3783 6867 3325 4525 6537 8204 2584 6332 158 2016 6276 7475 5476 1042 7408 7796 2030 3747 6901 3096 6449 2542 1134 8265 8172 1911 4650 7304 9612 2946 8341 5562 5982 1077 9331 4934 3620 5893 629 3513 886 3201 5157
59 1024 5289 408 3552 1072 4840 9995 2182 2209 7339 7488 1775 440 6622 5518 3556 4393 6906 5136 5898 5718 9418 7483 8376 519 4111 4721 2487 6962 7470 2993 4566 7506 6808 3434 5943 5849 7588 6418 2014 5857 829 9500 7062 7281 1114 8136 1417 3278 6674 7599 3391 3858 2951 6854 7566 1065 2420 6153 96 7975 3783 6867 3325 4525 6537 8204 2584 6332 158 2016 6276 7475 5476 1042 7408 7796 2030 3747 6901 3096 6449 2542 1134 8265 8172 1911 4650 7304 9612 2946 8341 5562 5982 1077 9331 4934 3620 5893 629 3513 886 3201 5157
60 1024 5289 408 3552 1072 4840 9995 2182 2209 7339 7488 1775 440 6622 5518 3556 4393 6906 5136 5898 5718 9418 7483 8376 519 4111 4721 2487 6962 7470 2993 4566 7506 6808 3434 5943 5849 7588 6418 2014 5857 829 9500 7062 7281 1114 8136 1417 3278 6674 7599 3391 3858 2951 6854 7566 1065 2420 6153 96 7975 3783 6867 3325 4525 6537 8204 2584 6332 158 2016 6276 7475 5476 1042 7408 7796 2030 3747 6901 3096 6449 2542 1134 8265 8172 1911 4650 7304 9612 2946 8341 5562 5982 1077 9331 4934 3620 5893 629 3513 886 3201 5157
61 1024 5289 408 3552 1072 4840 9995 2182 2209 7339 7488 1775 440 6622 5518 3556 4393 6906 5136 5898 5718 9418 7483 8376 519 4111 4721 2487 6962 7470 2993 4566 7506 6808 3434 5943 5849 7588 6418 2014 5857 829 9500 7062 7281 1114 8136 1417 3278 6674 7599 3391 3858 2951 6854 7566 1065 2420 6153 96 7975 3783 6867 3325 4525 6537 8204 2584 6332 158 2016 6276 7475 5476 1042 7408 7796 2030 3747 6901 3096 6449 2542 1134 8265 8172 1911 4650 7304 9612 2946 8341 5562 5982 1077 9331 4934 3620 5893 629 3513 886 3201 5157
62 1024 5289 408 3552 1072 4840 9995 2182 2209 7339 7488 1775 440 6622 5518 3556 4393 6906 5136 5898 5718 9418 7483 8376 519 4111 4721 2487 6962 7470 2993 4566 7506 6808 3434 5943 5849 7588 6418 2014 5857 829 9500 7062 7281 1114 8136 1417 3278 6674 7599 3391 3858 2951 6854 7566 1065 2420 6153 96 7975 3783 6867 3325 4525 6537 8204 2584 6332 158 2016 6276 7475 5476 1042 7408 7796 2030 3747 6901 3096 6449 2542 1134 8265 8172 1911 4650 7304 9612 2946 8341 5562 5982 1077 9331 4934 3620 5893 629 3513 886 3201 5157
63 1024 5289 408 3552 1072 4840 9995 2182 2209 7339 7488 1775 440 6622 5518 3556 4393 6906 5136 5898 5718 9418 7483 8376 519 4111 4721 2487 6962 7470 2993 4566 7506 6808 3434 5943 5849 7588 6418 2014 5857 829 9500 7062 7281 1114 8136 1417 3278 6674 7599 3391 3858 2951 6854 7566 1065 2420 6153 96 7975 3783 6867 3325 4525 6537 8204 2584 6332 158 2016 6276 7475 5476 1042 7408 7796 2030 3747 6901 3096 6449 2542 1134 8265 8172 1911 4650 7304 9612 2946 8341 5562 5982 1077 9331 4934 3620 5893 629 3513 886 3201 5157
64 1024 5289 408 3552 1072 4840 9995 2182 2209 7339 7488 1775 440 6622 5518 3556 4393 6906 5136 5898 5718 9418 7483 8376 519 4111 4721 2487 6962 7470 2993 4566 7506 6808 3434 5943 5849 7588 6418 2014 5857 829 9500 7062 7281 1114 8136 1417 3278 6674 7599 3391 3858 2951 6854 7566 1065 2420 6153 96 7975 3783 6867 3325 4525 6537 8204 2584 6332 158 2016 6276 7475 5476 1042 7408 7796 2030 3747 6901 3096 6449 2542 1134 8265 8172 1911 4650 7304 9612 2946 8341 5562 5982 1077 9331 4934 3620 5893 629 3513 886 3201 5157
65 1024 5289 408 3552 1072 4840 9995 2182 2209 7339 7488 1775 440 6622 5518 3556 4393 6906 5136 5898 5718 9418 7483 8376 519 4111 4721 2487 6962 7470 2993 4566 7506 6808 3434 5943 5849 7588 6418 2014 5857 829 9500 7062 7281 1114 8136 1417 3278 6674 7599 3391 3858 2951 6854 7566 1065 2420 6153 96 7975 3783 6867 3325 4525 6537 8204 2584 6332 158 2016 6276 7475 5476 1042 7408 7796 2030 3747 6901 3096 6449 2542 1134 8265 8172 1911 4650 7304 9612 2946 8341 5562 5982 1077 9331 4934 3620 5893 629 3513 886 3201 5157
66 1024 5289 408 3552 1072 4840 9995 2182 2209 7339 7488 1775 440 6622 5518 3556 4393 6906 5136 5898 5718 9418 7483 8376 519 4111 4721 2487 6962 7470 2993 4566 7506 6808 3434 5943 5849 7588 6418 2014 5857 829 9500 7062 7281 1114 8136 1417 3278 6674 7599 3391 3858 2951 6854 7566 1065 2420 6153 96 7975 3783 6867 3325 4525 6537 8204 2584 6332 158 2016 6276 7475 5476 1042 7408 7796 2030 3747 6901 3096 6449 2542 1134 8265 8172 1911 4650 7304 9612 2946 8341 5562 5982 1077 9331 4934 3620 5893 629 3513 886 3201 5157
67 1024 5289 408 3552 1072 4840 9995 2182 2209 7339 7488 1775 440 6622 5518 3556 4393 6906 5136 5898 5718 9418 7483 8376 519 4111 4721 2487 6962 7470 2993 4566 7506 6808 3434 5943 5849 7588 6418 2014 5857 829 9500 7062 7281 1114 8136 1417 3278 6674 7599 3391 3858 2951 6854 7566 1065 2420 6153 96 7975 3783 6867 3325 4525 6537 8204 2584 6332 158 2016 6276 7475 5476 1042 7408 7796 2030 3747 6901 3096 6449 2542 1134 8265 8172 1911 4650 7304 9612 2946 8341 5562 5982 1077 9331 4934 3620 5893 629 3513 886 3201 5157
68 1024 5289 408 3552 1072 4840 9995 2182 2209 7339 7488 1775 440 6622 5518 3556 4393 6906 5136 5898 5718 9418 7483 8376 519 4111 4721 2487 6962 7470 2993 4566 7506 6808 3434 5943 5849 7588 6418 2014 5857 829 9500 7062 7281 1114 8136 1417 3278 6674 7599 3391 3858 2951 6854 7566 1065 2420 6153 96 7975 3783 6867 3325 4525 6537 8204 2584 6332 158 2016 6276 7475 5476 1042 7408 7796 2030 3747 6901 3096 6449 2542 1134 8265 8172 1911 4650 7304 9612 2946 8341 5562 5982 1077 9331 4934 3620 5893 629 3513 886 3201 5157
69 1024 5289 408 3552 1072 4840 9995 2182 2209 7339 7488 1775 440 6622 5518 3556 4393 6906 5136 5898 5718 9418 7483 8376 519 4111 4721 2487 6962 7470 2993 4566 7506 6808 3434 5943 5849 7588 6418 2014 5857 829 9500 7062 7281 1114 8136 1417 3278 6674 7599 3391 3858 2951 6854 7566 1065 2420 6153 96 7975 3783 6867 3325 4525 6537 8204 2584 6332 158 2016 6276 7475 5476 1042 7408 7796 2030 3747 6901 3096 6449 2542 1134 8265 8172 1911 4650 7304 9612 2946 8341 5562 5982 1077 9331 4934 3620 5893 629 3513 886 3201 5157
70 1024 5289 408 3552 1072 4840 9995 2182 2209 7339 7488 1775 440 6622 5518 3556 4393 6906 5136 5898 5718 9418 7483 8376 519 4111 4721 2487 6962 7470 2993 4566 7506 6808 3434 5943 5849 7588 6418 2014 5857 829 9500 7062 7281 1114 8136 1417 3278 6674 7599 3391 3858 2951 6854 7566 1065 2420 6153 96 7975 3783 6867 3325 4525 6537 8204 2584 6332 158 2016 6276 7475 5476 1042 7408 7796 2030 3747 6901 3096 6449 2542 1134 8265 8172 1911 4650 7304 9612 2946 8341 5562 5982 1077 9331 4934 3620 5893 629 3513 886 3201 5157
71 1024 5289 408 3552 1072 4840 9995 2182 2209 7339 7488 1775 440 6622 5518 3556 4393 6906 5136 5898 5718 9418 7483 8376 519 4111 4721 2487 6962 7470 2993 4566 7506 6808 3434 5943 5849 7588 6418 2014 5857 829 9500 7062 7281 1114 8136 1417 3278 6674 7599 3391 3858 2951 6854 7566 1065 2420 6153 96 7975 3783 6867 3325 4525 6537 8204 2584 6332 158 2016 6276 7475 5476 1042 7408 7796 2030 3747 6901 3096 6449 2542 1134 8265 8172 1911 4650 7304 9612 2946 8341 5562 5982 1077 9331 4934 3620 5893 629 3513 886 3201 5157
72 1024 5289 408 3552 1072 4840 9995 2182 2209 7339 7488 1775 440 6622 5518 3556 4393 6906 5136 5898 5718 9418 7483 8376 519 4111 4721 2487 6962 7470 2993 4566 7506 6808 3434 5943 5849 7588 6418 2014 5857 829 9500 7062 7281 1114 8136 1417 3278 6674 7599 3391 3858 2951 6854 7566 1065 2420 6153 96 7975 3783 6867 3325 4525 6537 8204 2584 6332 158 2016 6276 7475 5476 1042 7408 7796 2030 3747 6901 3096 6449 2542 1134 8265 8172 1911 4650 7304 9612 2946 8341 5562 5982 1077 9331 4934 3620 5893 629 3513 886 3201 5157
73 1024 5289 408 3552 1072 4840 9995 2182 2209 7339 7488 1775 440 6622 5518 3556 4393 6906 5136 5898 5718 9418 7483 8376 519 4111 4721 2487 6962 7470 2993 4566 7506 6808 3434 5943 5849 7588 6418 2014 5857 829 9500 7062 7281 1114 8136 1417 3278 6674 7599 3391 3858 2951 6854 7566 1065 2420 6153 96 7975 3783 6867 3325 4525 6537 8204 2584 6332 158 2016 6276 7475 5476 1042 7408 7796 2030 3747 6901 3096 6449 2542 1134 8265 8172 1911 4650 7304 9612 2946 8341 5562 5982 1077 9331 4934 3620 5893 629 3513 886 3201 5157
74 1024 5289 408 3552 1072 4840 9995 2182 2209 7339 7488 1775 440 6622 5518 3556 4393 6906 5136 5898 5718 9418 7483 8376 519 4111 4721 2487 6962 7470 2993 4566 7506 6808 3434 5943 5849 7588 6418 2014 5857 829 9500 7062 7281 1114 8136 1417 3278 6674 7599 3391 3858 2951 6854 7566 1065 2420 6153 96 7975 3783 6867 3325 4525 6537 8204 2584 6332 158 2016 6276 7475 5476 1042 7408 7796 2030 3747 6901 3096 6449 2542 1134 8265 8172 1911 4650 7304 9612 2946 8341 5562 5982 1077 9331 4934 3620 5893 629 3513 886 3201 5157
75 1024 5289 408 3552 1072 4840 9995 2182 2209 7339 7488 1775 440 6622 5518 3556 4393 6906 5136 5898 5718 9418 7483 8376 519 4111 4721 2487 6962 7470 2993 4566 7506 6808 3434 5943 5849 7588 6418 2014 5857 829 9500 7062 7281 1114 8136 1417 3278 6674 7599 3391 3858 2951 6854 7566 1065 2420 6153 96 7975 3783 6867 3325 4525 6537 8204 2584 6332 158 2016 6276 7475 5476 1042 7408 7796 2030 3747 6901 3096 6449 2542 1134 8265 8172 1911 4650 7304 9612 2946 8341 5562 5982 1077 9331 4934 3620 5893 629 3513 886 3201 5157
76 1024 5289 408 3552 1072 4840 9995 2182 2209 7339 7488 1775 440 6622 5518 3556 4393 6906 5136 5898 5718 9418 7483 8376 519 4111 4721 2487 6962 7470 2993 4566 7506 6808 3434 5943 5849 7588 6418 2014 5857 829 9500 7062 7281 1114 8136 1417 3278 6674 7599 3391 3858 2951 6854 7566 1065 2420 6153 96 7975 3783 6867 3325 4525 6537 8204 2584 6332 158 2016 6276 7475 5476 1042 7408 7796 2030 3747 6901 3096 6449 2542 1134 8265 8172 1911 4650 7304 9612 2946 8341 5562 5982 1077 9331 4934 3620 5893 629 3513 886 3201 5157
77 1024 5289 408 3552 1072 4840 9995 2182 2209 7339 7488 1775 440 6622 5518 3556 4393 6906 5136 5898 5718 9418 7483 8376 519 4111 4721 2487 6962 7470 2993 4566 7506 6808 3434 5943 5849 7588 6418 2014 5857 829 9500 7062 7281 1114 8136 1417 3278 6674 7599 3391 3858 2951 6854 7566 1065 2420 6153 96 7975 3783 6867 3325 4525 6537 8204 2584 6332 158 2016 6276 7475 5476 1042 7408 7796 2030 3747 6901 3096 6449 2542 1134 8265 8172 1911 4650 7304 9612 2946 8341 5562 5982 1077 9331 4934 3620 5893 629 3513 886 3201 5157
78 1024 5289 408 3552 1072 4840 9995 2182 2209 7339 7488 1775 440 6622 5518 3556 4393 6906 5136 5898 5718 9418 7483 8376 519 4111 4721 2487 6962 7470 2993 4566 7506 6808 3434 5943 5849 7588 6418 2014 5857 829 9500 7062 7281 1114 8136 1417 3278 6674 7599 3391 3858 2951 6854 7566 1065 2420 6153 96 7975 3783 6867 3325 4525 6537 8204 2584 6332 158 2016 6276 7475 5476 1042 7408 7796 2030 3747 6901 3096 6449 2542 1134 8265 8172 1911 4650 7304 9612 2946 8341 5562 5982 1077 9331 4934 3620 5893 629 3513 886 3201 5157
79 1024 5289 408 3552 1072 4840 9995 2182 2209 7339 7488 1775 440 6622 5518 3556 4393 6906 5136 5898 5718 9418 7483 8376 519 4111 4721 2487 6962 7470 2993 4566 7506 6808 3434 5943 5849 7588 6418 2014 5857 829 9500 7062 7281 1114 8136 1417 3278 6674 7599 3391 3858 2951 6854 7566 1065 2420 6153 96 7975 3783 6867 3325 4525 6537 8204 2584 6332 158 2016 6276 7475 5476 1042 7408 7796 2030 3747 6901 3096 6449 2542 1134 8265 8172 1911 4650 7304 9612 2946 8341 5562 5982 1077 9331 4934 3620 5893 629 3513 886 3201 5157
80 1024 5289 408 3552 1072 4840 9995 2182 2209 7339 7488 1775 440 6622 5518 3556 4393 6906 5136 5898 5718 9418 7483 8376 519 4111 4721 2487 6962 7470 2993 4566 7506 6808 3434 5943 5849 7588 6418 2014 5857 829 9500 7062 7281 1114 8136 1417 3278 6674 7599 3391 3858 2951 6854 7566 1065 2420 6153 96 7975 3783 6867 3325 4525 6537 8204 2584 6332 158 2016 6276 7475 5476 1042 7408 7796 2030 3747 6901 3096 6449 2542 1134 8265 8172 1911 4650 7304 9612 2946 8341 5562 5982 1077 9331 4934 3620 5893 629 3513 886 3201 5157
81 1024 5289 408 3552 1072 4840 9995 2182 2209 7339 7488 1775 440 6622 5518 3556 4393 6906 5136 5898 5718 9418 7483 8376 519 4111 4721 2487 6962 7470 2993 4566 7506 6808 3434 5943 5849 7588 6418 2014 5857 829 9500 7062 7281 1114 8136 1417 3278 6674 7599 3391 3858 2951 6854 7566 1065 2420 6153 96 7975 3783 6867 3325 4525 6537 8204 2584 6332 158 2016 6276 7475 5476 1042 7408 7796 2030 3747 6901 3096 6449 2542 1134 8265 8172 1911 4650 7304 9612 2946 8341 5562 5982 1077 9331 4934 3620 5893 629 3513 886 3201 5157
82 1024 5289 408 3552 1072 4840 9995 2182 2209 7339 7488 1775 440 6622 5518 3556 4393 6906 5136 5898 5718 9418 7483 8376 519 4111 4721 2487 6962 7470 2993 4566 7506 6808 3434 5943 5849 7588 6418 2014 5857 829 9500 7062 7281 1114 8136 1417 3278 6674 7599 3391 3858 2951 6854 7566 1065 2420 6153 96 7975 3783 6867 3325 4525 6537 8204 2584 6332 158 2016 6276 7475 5476 1042 7408 7796 2030 3747 6901 3096 6449 2542 1134 8265 8172 1911 4650 7304 9612 2946 8341 5562 5982 1077 9331 4934 3620 5893 629 3513 886 3201 5157
83 1024 5289 408 3552 1072 4840 9995 2182 2209 7339 7488 1775 440 6622 5518 3556 4393 6906 5136 5898 5718 9418 7483 8376 519 4111 4721 2487 6962 7470 2993 4566 7506 6808 3434 5943 5849 7588 6418 2014 5857 829 9500 7062 7281 1114 8136 1417 3278 6674 7599 3391 3858 2951 6854 7566 1065 2420 6153 96 7975 3783 6867 3325 4525 6537 8204 2584 6332 158 2016 6276 7475 5476 1042 7408 7796 2030 3747 6901 3096 6449 2542 1134 8265 8172 1911 4650 7304 9612 2946 8341 5562 5982 1077 9331 4934 3620 5893 629 3513 886 3201 5157
84 1024 5289 408 3552 1072 4840 9995 2182 2209 7339 7488 1775 440 6622 5518 3556 4393 6906 5136 5898 5718 9418 7483 8376 519 4111 4721 2487 6962 7470 2993 4566 7506 6808 3434 5943 5849 7588 6418 2014 5857 829 9500 7062 7281 1114 8136 1417 3278 6674 7599 3391 3858 2951 6854 7566 1065 2420 6153 96 7975 3783 6867 3325 4525 6537 8204 2584 6332 158 2016 6276 7475 5476 1042 7408 7796 2030 3747 6901 3096 6449 2542 1134 8265 8172 1911 4650 7304 9612 2946 8341 5562 5982 1077 9331 4934 3620 5893 629 3513 886 3201 5157
85 1024 5289 408 3552 1072 4840 9995 2182 2209 7339 7488 1775 440 6622 5518 3556 4393 6906 5136 5898 5718 9418 7483 8376 519 4111 4721 2487 6962 7470 2993 4566 7506 6808 3434 5943 5849 7588 6418 2014 5857 829 9500 7062 7281 1114 8136 1417 3278 6674 7599 3391 3858 2951 6854 7566 1065 2420 6153 96 7975 3783 6867 3325 4525 6537 8204 2584 6332 158 2016 6276 7475 5476 1042 7408 7796 2030 3747 6901 3096 6449 2542 1134 8265 8172 1911 4650 7304 9612 2946 8341 5562 5982 1077 9331 4934 3620 5893 629 3513 886 3201 5157
86 1024 5289 408 3552 1072 4840 9995 2182 2209 7339 7488 1775 440 6622 5518 3556 4393 6906 5136 5898 5718 9418 7483 8376 519 4111 4721 2487 6962 7470 2993 4566 7506 6808 3434 5943 5849 7588 6418 2014 5857 829 9500 7062 7281 1114 8136 1417 3278 6674 7599 3391 3858 2951 6854 7566 1065 2420 6153 96 7975 3783 6867 3325 4525 6537 8204 2584 6332 158 2016 6276 7475 5476 1042 7408 7796 2030 3747 6901 3096 6449 2542 1134 8265 8172 1911 4650 7304 9612 2946 8341 5562 5982 1077 9331 4934 3620 5893 629 3513 886 3201 5157
87 1024 5289 408 3552 1072 4840 9995 2182 2209 7339 7488 1775 440 6622 5518 3556 4393 6906 5136 5898 5718 9418 7483 8376 519 4111 4721 2487 6962 7470 2993 4566 7506 6808 3434 5943 5849 7588 6418 2014 5857 829 9500 7062 7281 1114 8136 1417 3278 6674 7599 3391 3858 2951 6854 7566 1065 2420 6153 96 7975 3783 6867 3325 4525 6537 8204 2584 6332 158 2016 6276 7475 5476 1042 7408 7796 2030 3747 6901 3096 6449 2542 1134 8265 8172 1911 4650 7304 9612 2946 8341 5562 5982 1077 9331 4934 3620 5893 629 3513 886 3201 5157
88 1024 5289 408 3552 1072 4840 9995 2182 2209 7339 7488 1775 440 6622 5518 3556 4393 6906 5136 5898 5718 9418 7483 8376 519 4111 4721 2487 6962 7470 2993 4566 7506 6808 3434 5943 5849 7588 6418 2014 5857 829 9500 7062 7281 1114 8136 1417 3278 6674 7599 3391 3858 2951 6854 7566 1065 2420 6153 96 7975 3783 6867 3325 4525 6537 8204 2584 6332 158 2016 6276 7475 5476 1042 7408 7796 2030 3747 6901 3096 6449 2542 1134 8265 8172 1911 4650 7304 9612 2946 8341 5562 5982 1077 9331 4934 3620 5893 629 3513 886 3201 5157
89 1024 5289 408 3552 1072 4840 9995 2182 2209 7339 7488 1775 440 6622 5518 3556 4393 6906 5136 5898 5718 9418 7483 8376 519 4111 4721 2487 6962 7470 2993 4566 7506 6808 3434 5943 5849 7588 6418 2014 5857 829 9500 7062 7281 1114 8136 1417 3278 6674 7599 3391 3858 2951 6854 7566 1065 2420 6153 96 7975 3783 6867 3325 4525 6537 8204 2584 6332 158 2016 6276 7475 5476 1042 7408 7796 2030 3747 6901 3096 6449 2542 1134 8265 8172 1911 4650 7304 9612 2946 8341 5562 5982 1077 9331 4934 3620 5893 629 3513 886 3201 5157
90 1024 5289 408 3552 1072 4840 9995 2182 2209 7339 7488 1775 440 6622 5518 3556 4393 6906 5136 5898 5718 9418 7483 8376 519 4111 4721 2487 6962 7470 2993 4566 7506 6808 3434 5943 5849 7588 6418 2014 5857 829 9500 7062 7281 1114 8136 1417 3278 6674 7599 3391 3858 2951 6854 7566 1065 2420 6153 96 7975 3783 6867 3325 4525 6537 8204 2584 6332 158 2016 6276 7475 5476 1042 7408 7796 2030 3747 6901 3096 6449 2542 1134 8265 8172 1911 4650 7304 9612 2946 8341 5562 5982 1077 9331 4934 3620 5893 629 3513 886 3201 5157
91 1024 5289 408 3552 1072 4840 9995 2182 2209 7339 7488 1775 440 6622 5518 3556 4393 6906 5136 5898 5718 9418 7483 8376 519 4111 4721 2487 6962 7470 2993 4566 7506 6808 3434 5943 5849 7588 6418 2014 5857 829 9500 7062 7281 1114 8136 1417 3278 6674 7599 3391 3858 2951 6854 7566 1065 2420 6153 96 7975 3783 6867 3325 4525 6537 8204 2584 6332 158 2016 6276 7475 5476 1042 7408 7796 2030 3747 6901 3096 6449 2542 1134 8265 8172 1911 4650 7304 9612 2946 8341 5562 5982 1077 9331 4934 3620 5893 629 3513 886 3201 5157
92 1024 5289 408 3552 1072 4840 9995 2182 2209 7339 7488 1775 440 6622 5518 3556 4393 6906 5136 5898 5718 9418 7483 8376 519 4111 4721 2487 6962 7470 2993 4566 7506 6808 3434 5943 5849 7588 6418 2014 5857 829 9500 7062 7281 1114 8136 1417 3278 6674 7599 3391 3858 2951 6854 7566 1065 2420 6153 96 7975 3783 6867 3325 4525 6537 8204 2584 6332 158 2016 6276 7475 5476 1042 7408 7796 2030 3747 6901 3096 6449 2542 1134 8265 8172 1911 4650 7304 9612 2946 8341 5562 5982 1077 9331 4934 3620 5893 629 3513 886 3201 5157
93 1024 5289 408 3552 1072 4840 9995 2182 2209 7339 7488 1775 440 6622 5518 3556 4393 6906 5136 5898 5718 9418 7483 8376 519 4111 4721 2487 6962 7470 2993 4566 7506 6808 3434 5943 5849 7588 6418 2014 5857 829 9500 7062 7281 1114 8136 1417 3278 6674 7599 3391 3858 2951 6854 7566 1065 2420 6153 96 7975 3783 6867 3325 4525 6537 8204 2584 6332 158 2016 6276 7475 5476 1042 7408 7796 2030 3747 6901 3096 6449 2542 1134 8265 8172 1911 4650 7304 9612 2946 8341 5562 5982 1077 9331 4934 3620 5893 629 3513 886 3201 5157
94 1024 5289 408 3552 1072 4840 9995 2182 2209 7339 7488 1775 440 6622 5518 3556 4393 6906 5136 5898 5718 9418 7483 8376 519 4111 4721 2487 6962 7470 2993 4566 7506 6808 3434 5943 5849 7588 6418 2014 5857 829 9500 7062 7281 1114 8136 1417 3278 6674 7599 3391 3858 2951 6854 7566 1065 2420 6153 96 7975 3783 6867 3325 4525 6537 8204 2584 6332 158 2016 6276 7475 5476 1042 7408 7796 2030 3747 6901 3096 6449 2542 1134 8265 8172 1911 4650 7304 9612 2946 8341 5562 5982 1077 9331 4934 3620 5893 629 3513 886 3201 5157
95 1024 5289 408 3552 1072 4840 9995 2182 2209 7339 7488 1775 440 6622 5518 3556 4393 6906 5136 5898 5718 9418 7483 8376 519 4111 4721 2487 6962 7470 2993 4566 7506 6808 3434 5943 5849 7588 6418 2014 5857 829 9500 7062 7281 1114 8136 1417 3278 6674 7599 3391 3858 2951 6854 7566 1065 2420 6153 96 7975 3783 6867 3325 4525 6537 8204 2584 6332 158 2016 6276 7475 5476 1042 7408 7796 2030 3747 6901 3096 6449 2542 1134 8265 8172 1911 4650 7304 9612 2946 8341 5562 5982 1077 9331 4934 3620 5893 629 3513 886 3201 5157
96 1024 5289 408 3552 1072 4840 9995 2182 2209 7339 7488 1775 440 6622 5518 3556 4393 6906 5136 5898 5718 9418 7483 8376 519 4111 4721 2487 6962 7470 2993 4566 7506 6808 3434 5943 5849 7588 6418 2014 5857 829 9500 7062 7281 1114 8136 1417 3278 6674 7599 3391 3858 2951 6854 7566 1065 2420 6153 96 7975 3783 6867 3325 4525 6537 8204 2584 6332 158 2016 6276 7475 5476 1042 7408 7796 2030 3747 6901 3096 6449 2542 1134 8265 8172 1911 4650 7304 9612 2946 8341 5562 5982 1077 9331 4934 3620 5893 629 3513 886 3201 5157
97 1024 5289 408 3552 1072 4840 9995 2182 2209 7339 7488 1775 440 6622 5518 3556 4393 6906 5136 5898 5718 9418 7483 8376 519 4111 4721 2487 6962 7470 2993 4566 7506 6808 3434 5943 5849 7588 6418 2014 5857 829 9500 7062 7281 1114 8136 1417 3278 6674 7599 3391 3858 2951 6854 7566 1065 2420 6153 96 7975 3783 6867 3325 4525 6537 8204 2584 6332 158 2016 6276 7475 5476 1042 7408 7796 2030 3747 6901 3096 6449 2542 1134 8265 8172 1911 4650 7304 9612 2946 8341 5562 5982 1077 9331 4934 3620 5893 629 3513 886 3201 5157
98 1024 5289 408 3552 1072 4840 9995 2182 2209 7339 7488 1775 440 6622 5518 3556 4393 6906 5136 5898 5718 9418 7483 8376 519 4111 4721 2487 6962 7470 2993 4566 7506 6808 3434 5943 5849 7588 6418 2014 5857 829 9500 7062 7281 1114 8136 1417 3278 6674 7599 3391 3858 2951 6854 7566 1065 2420 6153 96 7975 3783 6867 3325 4525 6537 8204 2584 6332 158 2016 6276 7475 5476 1042 7408 7796 2030 3747 6901 3096 6449 2542 1134 8265 8172 1911 4650 7304 9612 2946 8341 5562 5982 1077 9331 4934 3620 5893 629 3513 886 3201 5157
99 1024 5289 408 3552 1072 4840 9995 2182 2209 7339 7488 1775 440 6622 5518 3556 4393 6906 5136 5898 5718 9418 7483 8376 519 4111 4721 2487 6962 7470 2993 4566 7506 6808 3434 5943 5849 7588 6418 2014 5857 829 9500 7062 7281 1114 8136 1417 3278 6674 7599 3391 3858 2951 6854 7566 1065 2420 6153 96 7975 3783 6867 3325 4525 6537 8204 2584 6332 158 2016 6276 7475 5476 1042 7408 7796 2030 3747 6901 3096 6449 2542 1134 8265 8172 1911 4650 7304 9612 2946 8341 5562 5982 1077 9331 4934 3620 5893 629 3513 886 3201 5157