100
0 0 1 2 3 4 6 7 5 9 8 11 16 10 17 18 12 22 15 25 20 13 281 14 34 27 24 49 38 39 186 61 35 152 138 709 176 9517
1 0 1 2 4 3 6 5 8 7 10 17 9 11 14 12 18 20 36 34 15 16 25 46 21 29 60 28 13 22 24 62 41 64 19 252 65 797 1290
2 0 1 2 3 7 5 4 15 9 14 22 6 37 10 8 11 13 27 12 16 21 35 28 33 32 17 20 45 23 18 57 88 36 26 44 31 49 5990 236 583 2264 3975 3244 1737 3756
3 0 1 2 4 3 6 7 5 12 11 9 20 14 18 17 10 15 21 33 26 31 76 16 13 60 8 19 25 22 58 59 28 75 554 1671 3097 3097
4 0 1 2 3 5 4 7 6 15 10 14 26 9 12 25 19 16 36 24 8 13 17 28 11 18 129 50 20 38 31 144 29 57 21 37 65 1679 3975 1502
5 0 1 2 3 4 5 6 7 9 15 8 11 12 25 34 23 28 16 30 10 97 14 18 37 32 20 47 13 54 24 86 452 51 107 27 1958 6698
6 0 1 3 5 2 4 7 6 8 14 17 16 25 13 9 30 12 35 22 33 41 52 38 27 70 66 23 78 20 19 67 54 46 18 455 55 28 253 176 3244 1310
7 0 1 2 3 7 5 4 15 9 14 22 6 37 10 8 11 13 27 12 16 21 35 28 33 32 17 20 45 23 18 57 88 36 26 44 31 49 5990 236 583 2264 4371 1310
8 0 1 2 4 3 6 5 8 9 10 7 16 11 18 19 37 29 12 21 40 42 24 17 23 87 13 25 71 20 52 63 78 152 47 57 155 135 27 3389
9 0 1 2 3 4 6 8 9 5 20 7 14 19 23 33 10 13 52 25 15 29 11 30 56 18 28 53 24 17 232 106 31 43 176 69 114 6729 138 6304
10 0 1 2 3 4 5 13 6 9 10 7 12 25 18 31 19 15 16 14 20 11 26 28 17 8 27 36 33 23 24 42 22 81 35 371 152 332 2848
11 0 1 2 4 3 5 6 10 7 11 9 13 19 8 16 12 42 15 27 39 18 35 26 52 14 56 125 28 22 31 17 21 55 65 80 34 23 2060 554 3975
12 0 1 2 3 4 5 6 9 10 7 20 19 12 8 16 11 14 23 32 17 28 88 47 18 26 22 121 49 54 31 39 13 35 45 300 62 2371 1077 1502 1310 3756
13 0 1 2 3 5 4 7 6 8 11 12 17 9 18 15 19 20 53 21 37 10 49 14 35 13 33 55 58 50 34 23 24 46 44 57 2264
14 0 1 4 3 2 7 10 5 11 17 6 8 12 34 15 21 25 14 22 40 35 9 32 19 27 65 46 28 168 26 39 16 749 38 30 121 72 253 102 355 708 138 4371
15 0 1 2 4 3 6 5 8 9 10 7 16 11 18 19 37 29 12 21 40 42 24 17 23 87 13 25 71 20 52 63 78 152 47 57 155 135 27 3389
16 0 2 1 3 4 6 8 11 7 9 5 21 15 10 12 14 13 19 17 20 24 30 38 25 130 50 46 48 56 51 118 35 156 74 63 28 27 176 1315
17 0 1 2 3 4 5 17 6 8 11 10 13 12 9 7 16 23 19 18 20 24 15 28 111 38 222 418 87 31 128 30 110 50 1951 948
18 0 1 2 3 7 4 5 6 8 9 14 13 11 25 16 12 26 38 19 77 10 28 83 20 171 29 47 69 68 88 22 30 100 41 102 708 3831
19 0 1 4 3 2 7 10 5 11 17 6 8 12 34 15 21 25 14 22 40 35 9 32 19 27 65 46 28 168 26 39 16 749 38 30 121 72 253 102 355 708 138 2264 5926 1737
20 0 1 2 3 4 6 8 7 14 11 5 12 9 10 16 13 69 23 35 15 33 24 28 49 174 31 147 75 41 43 20 155 87 62 107 120 138 356 919 583 5526 1290 2153
21 0 1 2 3 4 5 6 7 9 15 8 11 12 25 34 23 28 16 30 10 97 14 18 37 32 20 47 13 54 24 86 452 51 107 27 1958 6698
22 0 1 2 3 4 5 13 6 9 10 7 12 25 18 31 19 15 16 14 20 11 26 28 17 8 27 36 33 23 24 42 22 81 35 371 152 332 2848
23 0 1 2 4 3 5 6 10 7 11 9 13 19 8 16 12 42 15 27 39 18 35 26 52 14 56 125 28 22 31 17 21 55 65 80 34 23 2060 554 3244
24 0 1 2 4 3 5 6 10 7 11 9 13 19 8 16 12 42 15 27 39 18 35 26 52 14 56 125 28 22 31 17 21 55 65 80 34 23 2060 554 2264
25 0 1 2 5 3 4 8 7 6 9 11 23 10 22 24 21 48 14 17 19 12 13 39 31 85 16 15 71 37 20 18 34 35 28 138 69 193 199 1495 7242
26 0 1 2 3 5 4 7 6 15 10 14 26 9 12 25 19 16 36 24 8 13 17 28 11 18 129 50 20 38 31 144 29 57 21 37 65 1679 3975 1290
27 0 1 2 4 3 6 5 8 9 10 7 16 11 18 19 37 29 12 21 40 42 24 17 23 87 13 25 71 20 52 63 78 152 47 57 155 135 27 3389
28 0 1 2 3 4 5 6 12 14 7 10 9 15 16 13 29 8 21 22 170 24 19 36 11 31 51 27 40 35 67 62 63 44 1610 64 20 199 612 5526
29 0 2 1 3 4 6 8 11 7 9 5 21 15 10 12 14 13 19 17 20 24 30 38 25 130 50 46 48 56 51 118 35 156 74 63 28 27 176 1315
30 0 1 2 3 4 5 13 6 9 10 7 12 25 18 31 19 15 16 14 20 11 26 28 17 8 27 36 33 23 24 42 22 81 35 371 152 332 2848
31 0 2 1 3 5 4 6 8 7 12 9 15 14 11 10 17 16 13 19 36 20 61 39 58 84 18 29 27 37 26 96 22 105 47 55 28 69 56 482 138 583 867 138 7624 1310
32 0 1 2 4 3 5 7 11 6 19 8 14 9 10 13 27 28 21 41 16 18 20 31 17 12 43 26 54 33 52 34 44 53 37 62 135 65 3975 2780 5921
33 0 1 3 2 4 5 7 9 6 10 8 19 14 18 28 12 20 16 17 82 21 30 23 11 13 91 31 15 22 47 44 32 74 38 34 92 175 940 126 252 2848
34 0 1 4 3 2 7 10 5 11 17 6 8 12 34 15 21 25 14 22 40 35 9 32 19 27 65 46 28 168 26 39 16 749 38 30 121 72 253 102 355 708 138 1737 3097 1290
35 0 1 2 3 5 4 7 8 6 12 11 14 9 17 13 28 10 23 20 19 29 16 25 37 15 52 27 97 55 61 22 137 42 49 39 60 21 138
36 0 1 2 3 4 5 6 7 8 11 9 10 12 17 14 27 15 26 16 30 13 22 36 25 35 49 24 33 20 80 18 61 41 50 5526 120 1290 2591 4171
37 0 1 2 3 4 5 6 7 9 15 8 11 12 25 34 23 28 16 30 10 97 14 18 37 32 20 47 13 54 24 86 452 51 107 27 1958 6698
38 0 1 2 3 6 4 9 7 5 8 16 11 14 13 12 32 21 29 10 19 63 22 25 40 24 49 20 15 125 96 36 17 42 31 155 1671 355 138 3097
39 0 1 2 3 4 5 10 6 9 8 17 18 34 7 46 22 14 12 11 74 38 27 31 86 16 33 15 13 23 29 49 20 42 184 2383 4768 138 1671
40 0 1 2 3 4 5 6 7 9 15 8 11 12 25 34 23 28 16 30 10 97 14 18 37 32 20 47 13 54 24 86 452 51 107 27 1958 6698
41 0 1 2 4 3 5 7 11 6 19 8 14 9 10 13 27 28 21 41 16 18 20 31 17 12 43 26 54 33 52 34 44 53 37 62 135 65 3975 2780 2848
42 0 1 3 2 4 8 5 14 6 10 7 9 11 12 13 39 17 18 57 19 25 21 29 15 46 73 56 43 47 16 76 41 28 1917 1954 2848 3097 708
43 0 1 3 2 4 5 8 7 9 6 15 12 10 17 11 23 14 28 13 16 22 31 20 37 30 18 24 39 25 19 149 58 57 227 3708 95 38 35 184 686 2848
44 0 1 2 3 7 4 5 6 8 9 14 13 11 25 16 12 26 38 19 77 10 28 83 20 171 29 47 69 68 88 22 30 100 41 102 708 3831 1290
45 0 1 2 3 4 6 8 9 5 20 7 14 19 23 33 10 13 52 25 15 29 11 30 56 18 28 53 24 17 232 106 31 43 176 69 114 6729 138 6304 1502
46 0 1 2 3 4 5 13 6 9 10 7 12 25 18 31 19 15 16 14 20 11 26 28 17 8 27 36 33 23 24 42 22 81 35 371 152 332 2848
47 0 1 2 5 3 4 8 7 6 9 11 23 10 22 24 21 48 14 17 19 12 13 39 31 85 16 15 71 37 20 18 34 35 28 138 69 193 199 1495 2264 3975 1502 7055
48 0 1 3 2 4 5 8 7 9 6 15 12 10 17 11 23 14 28 13 16 22 31 20 37 30 18 24 39 25 19 149 58 57 227 3708 95 38 35 184 686
49 0 1 2 3 7 4 5 6 8 9 14 13 11 25 16 12 26 38 19 77 10 28 83 20 171 29 47 69 68 88 22 30 100 41 102 708 3831 1671
50 0 1 2 5 3 4 8 7 6 9 11 23 10 22 24 21 48 14 17 19 12 13 39 31 85 16 15 71 37 20 18 34 35 28 138 69 193 199 1495 968
51 0 1 2 3 4 5 6 7 11 10 12 8 9 13 14 45 18 21 17 24 35 15 22 28 20 64 16 26 27 117 33 30 41 34 143 78 725 977
52 0 1 2 4 6 5 7 3 10 15 18 13 8 34 9 20 32 23 12 22 25 51 14 19 28 47 37 61 27 62 64 39 24 16 78 63 1954 1502 7055
53 0 1 2 4 6 3 9 5 7 26 10 20 13 12 11 14 8 16 21 24 17 30 45 15 84 41 72 70 100 121 48 22 27 360 225 105 927 4525 4371
54 0 1 2 5 3 4 8 7 6 9 11 23 10 22 24 21 48 14 17 19 12 13 39 31 85 16 15 71 37 20 18 34 35 28 138 69 193 199 1495 138
55 0 1 2 3 4 11 8 5 7 6 30 10 12 18 16 9 14 27 37 21 15 28 17 34 20 49 24 25 40 58 19 86 80 32 13 26 410 3244 1495 176 1737
56 0 2 1 3 4 6 8 11 7 9 5 21 15 10 12 14 13 19 17 20 24 30 38 25 130 50 46 48 56 51 118 35 156 74 63 28 27 176 1315
57 0 1 2 4 3 5 7 11 6 19 8 14 9 10 13 27 28 21 41 16 18 20 31 17 12 43 26 54 33 52 34 44 53 37 62 135 65 3975 2780 3975
58 0 1 2 3 5 4 7 6 8 11 10 9 14 15 27 32 12 30 18 22 16 21 42 13 33 20 17 38 26 29 43 19 77 35 138 65 2291 1290
59 0 1 2 4 3 5 6 10 7 11 9 13 19 8 16 12 42 15 27 39 18 35 26 52 14 56 125 28 22 31 17 21 55 65 80 34 23 2060 554
60 0 1 2 3 4 6 8 9 5 20 7 14 19 23 33 10 13 52 25 15 29 11 30 56 18 28 53 24 17 232 106 31 43 176 69 114 6729 138 6304 2848
61 0 1 2 4 3 6 5 8 9 10 7 16 11 18 19 37 29 12 21 40 42 24 17 23 87 13 25 71 20 52 63 78 152 47 57 155 135 27 3389
62 0 1 2 4 3 7 9 6 8 5 12 15 45 10 17 27 13 22 19 14 68 16 21 11 54 51 26 38 42 25 24 144 100 95 120 69 1583 1310
63 0 1 2 3 5 4 7 6 8 11 10 9 14 15 27 32 12 30 18 22 16 21 42 13 33 20 17 38 26 29 43 19 77 35 138 65 2291 1290
64 0 1 2 4 3 6 8 7 9 5 12 11 13 10 17 33 28 32 15 81 21 22 20 126 18 46 16 19 60 34 90 45 157 27 58 36 229 69 621
65 0 1 4 3 2 7 10 5 11 17 6 8 12 34 15 21 25 14 22 40 35 9 32 19 27 65 46 28 168 26 39 16 749 38 30 121 72 253 102 355 708 138 3975 3244
66 0 1 2 3 5 4 7 6 8 11 12 17 9 18 15 19 20 53 21 37 10 49 14 35 13 33 55 58 50 34 23 24 46 44 57 1671 3097
67 0 1 2 4 3 6 5 8 9 10 7 16 11 18 19 37 29 12 21 40 42 24 17 23 87 13 25 71 20 52 63 78 152 47 57 155 135 27 3389
68 0 1 2 4 3 6 7 5 12 11 9 20 14 18 17 10 15 21 33 26 31 76 16 13 60 8 19 25 22 58 59 28 75 554 1502 7055 1310
69 0 1 2 3 7 4 5 6 8 9 14 13 11 25 16 12 26 38 19 77 10 28 83 20 171 29 47 69 68 88 22 30 100 41 102 708 3831 1671
70 0 1 2 3 4 6 8 9 5 20 7 14 19 23 33 10 13 52 25 15 29 11 30 56 18 28 53 24 17 232 106 31 43 176 69 114 6729 138 6304 3975
71 0 1 2 3 5 6 4 7 15 11 13 12 9 17 8 48 34 29 33 20 28 55 93 40 60 18 10 22 38 35 36 41 27 2591 2513 1671 3684
72 0 1 4 3 2 7 10 5 11 17 6 8 12 34 15 21 25 14 22 40 35 9 32 19 27 65 46 28 168 26 39 16 749 38 30 121 72 253 102 355 708 138
73 0 1 3 2 4 5 8 7 9 6 15 12 10 17 11 23 14 28 13 16 22 31 20 37 30 18 24 39 25 19 149 58 57 227 3708 95 38 35 184 686
74 0 1 2 5 3 4 8 7 6 9 11 23 10 22 24 21 48 14 17 19 12 13 39 31 85 16 15 71 37 20 18 34 35 28 138 69 193 199 1495 2848 3097 2848
75 0 1 2 3 7 5 4 15 9 14 22 6 37 10 8 11 13 27 12 16 21 35 28 33 32 17 20 45 23 18 57 88 36 26 44 31 49 5990 236 583 2264 138
76 0 1 4 3 2 7 10 5 11 17 6 8 12 34 15 21 25 14 22 40 35 9 32 19 27 65 46 28 168 26 39 16 749 38 30 121 72 253 102 355 708 138 3849
77 0 1 2 4 3 6 7 5 12 11 9 20 14 18 17 10 15 21 33 26 31 76 16 13 60 8 19 25 22 58 59 28 75 554
78 0 1 2 3 5 4 7 6 8 11 12 17 9 18 15 19 20 53 21 37 10 49 14 35 13 33 55 58 50 34 23 24 46 44 57 3756 2264 1502
79 0 1 2 3 4 5 13 6 9 10 7 12 25 18 31 19 15 16 14 20 11 26 28 17 8 27 36 33 23 24 42 22 81 35 371 152 332 2848
80 0 1 2 4 3 5 7 11 6 19 8 14 9 10 13 27 28 21 41 16 18 20 31 17 12 43 26 54 33 52 34 44 53 37 62 135 65 3975 2780 3244
81 0 1 2 3 4 5 13 6 9 10 7 12 25 18 31 19 15 16 14 20 11 26 28 17 8 27 36 33 23 24 42 22 81 35 371 152 332 2848
82 0 1 2 4 6 3 9 5 7 26 10 20 13 12 11 14 8 16 21 24 17 30 45 15 84 41 72 70 100 121 48 22 27 360 225 105 927 4525 3244 1737 1671
83 0 1 2 5 3 4 8 7 6 9 11 23 10 22 24 21 48 14 17 19 12 13 39 31 85 16 15 71 37 20 18 34 35 28 138 69 193 199 1495 3975 3975 1671 3244
84 0 1 2 3 7 5 4 15 9 14 22 6 37 10 8 11 13 27 12 16 21 35 28 33 32 17 20 45 23 18 57 88 36 26 44 31 49 5990 236 583 2264 1737 9584 1737
85 0 1 2 3 4 6 8 9 5 20 7 14 19 23 33 10 13 52 25 15 29 11 30 56 18 28 53 24 17 232 106 31 43 176 69 114 6729 138 6304 2848
86 0 1 3 2 4 5 7 9 6 10 8 19 14 18 28 12 20 16 17 82 21 30 23 11 13 91 31 15 22 47 44 32 74 38 34 92 175 940 126 252 1502
87 0 1 2 3 4 5 13 6 9 10 7 12 25 18 31 19 15 16 14 20 11 26 28 17 8 27 36 33 23 24 42 22 81 35 371 152 332 2848
88 0 1 3 5 2 4 7 6 8 14 17 16 25 13 9 30 12 35 22 33 41 52 38 27 70 66 23 78 20 19 67 54 46 18 455 55 28 253 176 3244
89 0 1 2 5 3 4 8 7 6 9 11 23 10 22 24 21 48 14 17 19 12 13 39 31 85 16 15 71 37 20 18 34 35 28 138 69 193 199 1495 2060
90 0 1 3 5 2 4 7 6 8 14 17 16 25 13 9 30 12 35 22 33 41 52 38 27 70 66 23 78 20 19 67 54 46 18 455 55 28 253 176 3244 1290
91 0 1 3 5 2 4 7 6 8 14 17 16 25 13 9 30 12 35 22 33 41 52 38 27 70 66 23 78 20 19 67 54 46 18 455 55 28 253 176 3244 1671
92 0 1 2 4 3 6 8 7 9 5 12 11 13 10 17 33 28 32 15 81 21 22 20 126 18 46 16 19 60 34 90 45 157 27 58 36 229 69 621
93 0 1 2 3 5 4 7 6 8 11 12 17 9 18 15 19 20 53 21 37 10 49 14 35 13 33 55 58 50 34 23 24 46 44 57 1290
94 0 1 3 2 6 5 4 8 10 11 12 7 28 14 20 22 9 75 16 13 18 43 189 45 31 26 21 15 25 51 24 49 725 1790
95 0 1 3 2 6 5 4 8 10 11 12 7 28 14 20 22 9 75 16 13 18 43 189 45 31 26 21 15 25 51 24 49 725 1790
96 0 1 3 2 4 5 8 7 9 6 15 12 10 17 11 23 14 28 13 16 22 31 20 37 30 18 24 39 25 19 149 58 57 227 3708 95 38 35 184 686 1502
97 0 1 2 4 6 3 9 5 7 26 10 20 13 12 11 14 8 16 21 24 17 30 45 15 84 41 72 70 100 121 48 22 27 360 225 105 927 4525 1737 9584
98 0 1 2 3 4 5 6 7 9 15 8 11 12 25 34 23 28 16 30 10 97 14 18 37 32 20 47 13 54 24 86 452 51 107 27 1958 6698
99 0 2 1 3 5 4 6 8 7 12 9 15 14 11 10 17 16 13 19 36 20 61 39 58 84 18 29 27 37 26 96 22 105 47 55 28 69 56 482 138 583 867 3767